6 0.67578125 0.3515625 0.1859375 0.125
8 0.5109375 0.68359375 0.0390625 0.0359375
8 0.48515625 0.78984375 0.0125 0.01171875
8 0.71171875 0.85859375 0.01328125 0.0125
8 0.50703125 0.86640625 0.01484375 0.009375
8 0.378125 0.915625 0.01015625 0.0125
8 0.16171875 0.9828125 0.015625 0.01796875
8 0.0765625 0.8453125 0.015625 0.015625
8 0.24375 0.7421875 0.015625 0.01171875
8 0.3171875 0.69921875 0.01796875 0.01640625
8 0.5609375 0.70859375 0.0125 0.0140625
8 0.59453125 0.65625 0.0078125 0.01328125
8 0.6515625 0.66953125 0.0078125 0.01171875
8 0.4171875 0.65546875 0.0140625 0.01640625
8 0.3765625 0.56953125 0.01796875 0.01484375
8 0.38984375 0.55 0.0203125 0.0296875
8 0.5703125 0.4984375 0.0125 0.00859375
8 0.071875 0.61171875 0.0125 0.009375
8 0.03984375 0.6125 0.01875 0.00859375
8 0.12890625 0.62421875 0.01328125 0.009375
8 0.08359375 0.52421875 0.0125 0.0109375
8 0.209375 0.484375 0.0109375 0.009375
8 0.46171875 0.4265625 0.01953125 0.01640625
8 0.1515625 0.42578125 0.01484375 0.00546875
8 0.17734375 0.44140625 0.01171875 0.00859375
8 0.2328125 0.4203125 0.0109375 0.0078125
8 0.12890625 0.41875 0.0046875 0.01015625
8 0.08671875 0.3421875 0.0265625 0.03125
8 0.040625 0.31484375 0.00859375 0.00625
8 0.01015625 0.30546875 0.009375 0.0046875
8 0.06171875 0.37265625 0.0125 0.00703125
8 0.0796875 0.3828125 0.01171875 0.00625
8 0.0171875 0.44765625 0.03046875 0.03203125
8 0.01328125 0.10078125 0.0265625 0.02890625
8 0.0671875 0.1234375 0.01484375 0.00625
8 0.11171875 0.1171875 0.00859375 0.0125
8 0.02265625 0.221875 0.0125 0.01171875
8 0.00546875 0.2046875 0.0078125 0.01015625
8 0.01328125 0.1484375 0.0109375 0.009375
8 0.065625 0.228125 0.0125 0.0109375
8 0.09375 0.23046875 0.01640625 0.01015625
8 0.0515625 0.25390625 0.0140625 0.0109375
8 0.15234375 0.2296875 0.015625 0.01015625
8 0.153125 0.21015625 0.009375 0.009375
8 0.17109375 0.20078125 0.009375 0.009375
8 0.19375 0.2265625 0.0515625 0.015625
8 0.07421875 0.05 0.01484375 0.0109375
8 0.0390625 0.01328125 0.01484375 0.00859375
8 0.0546875 0.01171875 0.0125 0.0046875
8 0.05859375 0.0046875 0.01328125 0.00859375
8 0.14140625 0.05390625 0.009375 0.00546875
8 0.125 0.0484375 0.01015625 0.00859375