6 0.67109375 0.334375 0.2015625 0.134375
8 0.5109375 0.68984375 0.040625 0.0390625
6 0.71640625 0.8609375 0.01015625 0.0171875
6 0.31484375 0.6953125 0.03125 0.02578125
6 0.48671875 0.78984375 0.02578125 0.02734375
6 0.50703125 0.8703125 0.025 0.05078125
6 0.5640625 0.7140625 0.02890625 0.040625
6 0.5921875 0.66015625 0.0328125 0.0390625
6 0.6578125 0.6734375 0.0484375 0.040625
6 0.5671875 0.49375 0.0328125 0.03359375
8 0.4625 0.428125 0.0453125 0.0390625
6 0.025 0.09765625 0.05 0.0578125
6 0.209375 0.4890625 0.03359375 0.0296875
6 0.24375 0.7484375 0.040625 0.03359375
6 0.17109375 0.975 0.04296875 0.03671875