8 0.29921875 0.64140625 0.03671875 0.03203125
8 0.478125 0.54375 0.02734375 0.0265625
8 0.61796875 0.5 0.03984375 0.02734375
6 0.06640625 0.053125 0.01796875 0.01953125
6 0.2234375 0.05859375 0.01171875 0.0171875
6 0.31171875 0.16953125 0.01953125 0.021875
6 0.23359375 0.215625 0.01953125 0.01953125
6 0.303125 0.2765625 0.025 0.01875
6 0.165625 0.4953125 0.0203125 0.0171875
6 0.1984375 0.50234375 0.01640625 0.01875
6 0.20625 0.50859375 0.01640625 0.01171875
6 0.28828125 0.48984375 0.00859375 0.0234375
6 0.69453125 0.40625 0.034375 0.034375
6 0.2375 0.596875 0.015625 0.01875
6 0.45390625 0.5171875 0.0125 0.015625