6 0.8515625 0.81796875 0.02578125 0.015625
6 0.746875 0.8953125 0.02265625 0.0140625
8 0.921875 0.9828125 0.0296875 0.01484375
8 0.96015625 0.96953125 0.02421875 0.01171875
8 0.59140625 0.9734375 0.0140625 0.01484375
8 0.74375 0.953125 0.01953125 0.0125
6 0.5078125 0.6359375 0.55234375 0.17265625
8 0.43515625 0.74453125 0.0265625 0.02578125
6 0.9671875 0.653125 0.0390625 0.025
6 0.93203125 0.65 0.03125 0.0265625
6 0.90390625 0.65625 0.0296875 0.021875
6 0.9125 0.678125 0.0265625 0.0125
6 0.846875 0.72421875 0.0109375 0.01015625
8 0.7453125 0.7359375 0.015625 0.0125
8 0.7109375 0.74765625 0.01015625 0.0078125
8 0.778125 0.734375 0.01953125 0.0109375
8 0.8234375 0.725 0.01796875 0.009375
8 0.87734375 0.6734375 0.0078125 0.009375
6 0.8140625 0.67265625 0.115625 0.053125
8 0.7890625 0.6578125 0.0125 0.0109375
8 0.73203125 0.6703125 0.009375 0.0125
6 0.72578125 0.65859375 0.0484375 0.025
8 0.74140625 0.6484375 0.01328125 0.01015625
8 0.76171875 0.59609375 0.01796875 0.009375
6 0.76796875 0.54296875 0.02890625 0.015625
6 0.76015625 0.49921875 0.015625 0.01171875
8 0.825 0.5375 0.01015625 0.00859375
6 0.6703125 0.48515625 0.14609375 0.01875
8 0.5828125 0.61484375 0.01328125 0.01484375
8 0.58203125 0.671875 0.009375 0.01328125
8 0.55234375 0.67265625 0.0140625 0.01484375
8 0.40703125 0.65078125 0.0125 0.0078125
8 0.26328125 0.66796875 0.0234375 0.0109375
8 0.37734375 0.69765625 0.02421875 0.0078125
8 0.2828125 0.72265625 0.01953125 0.0171875
8 0.4390625 0.93203125 0.00703125 0.00859375
8 0.25859375 0.87265625 0.01171875 0.0078125
8 0.16171875 0.6390625 0.02265625 0.015625
8 0.29921875 0.6109375 0.02734375 0.01875
8 0.30546875 0.59765625 0.0171875 0.021875
8 0.03203125 0.48828125 0.015625 0.0125
8 0.0234375 0.41875 0.0171875 0.0109375
8 0.02265625 0.434375 0.0140625 0.0078125
8 0.33671875 0.409375 0.03984375 0.0203125
8 0.17578125 0.34921875 0.06640625 0.025
8 0.378125 0.33203125 0.015625 0.0109375
8 0.384375 0.3828125 0.01015625 0.00625
8 0.40703125 0.3890625 0.00859375 0.0078125
8 0.57734375 0.38671875 0.025 0.015625
6 0.7765625 0.38203125 0.01171875 0.009375
6 0.47578125 0.3328125 0.06875 0.03984375
3 0.68828125 0.275 0.0203125 0.0203125
8 0.3359375 0.3078125 0.015625 0.0109375
8 0.29765625 0.33125 0.01875 0.00625
8 0.31484375 0.32734375 0.01015625 0.00625
8 0.31796875 0.3359375 0.00703125 0.00625
3 0.49765625 0.30625 0.02578125 0.01171875
8 0.609375 0.31796875 0.0203125 0.00859375
8 0.63046875 0.30859375 0.015625 0.00859375
8 0.5296875 0.31484375 0.028125 0.0140625
8 0.5515625 0.3203125 0.01640625 0.009375
6 0.540625 0.3265625 0.071875 0.01484375
8 0.5453125 0.265625 0.0171875 0.01328125
8 0.4671875 0.2625 0.02421875 0.0109375
8 0.46875 0.29921875 0.01484375 0.0109375
8 0.53828125 0.2828125 0.021875 0.0109375
8 0.4875 0.259375 0.0359375 0.02265625
6 0.21015625 0.3296875 0.0453125 0.0203125
6 0.43984375 0.359375 0.01484375 0.00703125
8 0.0296875 0.3578125 0.0109375 0.009375
8 0.01171875 0.3625 0.01171875 0.00703125
6 0.65078125 0.28359375 0.0375 0.03203125
8 0.98671875 0.32890625 0.0265625 0.0171875
8 0.99453125 0.28046875 0.01015625 0.01484375
8 0.93828125 0.334375 0.01796875 0.0078125
6 0.859375 0.38984375 0.109375 0.03828125
8 0.728125 0.39453125 0.03515625 0.0296875
6 0.5375 0.40234375 0.07890625 0.03671875
8 0.26640625 0.3 0.0109375 0.0078125
8 0.2765625 0.296875 0.0109375 0.00859375
6 0.2796875 0.28828125 0.03203125 0.0265625
6 0.1546875 0.29609375 0.02734375 0.02421875
8 0.71171875 0.61640625 0.0109375 0.015625
6 0.71484375 0.61953125 0.03359375 0.04140625
8 0.6296875 0.5453125 0.02890625 0.01171875
6 0.50078125 0.5453125 0.0265625 0.01640625
8 0.04375 0.3234375 0.0125 0.00703125
8 0.1078125 0.346875 0.0109375 0.0078125
8 0.234375 0.26875 0.0140625 0.0078125
8 0.27578125 0.2671875 0.01171875 0.0078125
8 0.31953125 0.284375 0.0171875 0.0109375
8 0.3359375 0.28671875 0.009375 0.00625
8 0.34609375 0.28671875 0.0125 0.00625
8 0.3828125 0.29140625 0.0125 0.00859375
8 0.36796875 0.278125 0.0078125 0.00546875
6 0.6078125 0.375 0.0203125 0.0265625
8 0.6578125 0.36484375 0.0125 0.009375
6 0.59921875 0.44140625 0.02734375 0.0171875
8 0.40625 0.25703125 0.0109375 0.00546875
8 0.38984375 0.2609375 0.009375 0.00703125
8 0.265625 0.2234375 0.01484375 0.0109375
8 0.25546875 0.22578125 0.0109375 0.00625
8 0.37890625 0.21796875 0.0203125 0.0109375
8 0.38359375 0.2265625 0.03671875 0.0109375
6 0.53828125 0.2265625 0.03515625 0.02734375
6 0.46953125 0.2296875 0.046875 0.0390625
8 0.03984375 0.26953125 0.021875 0.01953125
8 0.05234375 0.265625 0.0125 0.01015625
8 0.12109375 0.246875 0.00859375 0.009375
8 0.1625 0.28203125 0.01015625 0.00703125
8 0.203125 0.253125 0.00625 0.0046875
8 0.20703125 0.2234375 0.009375 0.00625
8 0.2953125 0.24375 0.02578125 0.01015625
8 0.29921875 0.2359375 0.00859375 0.00703125
8 0.30390625 0.234375 0.00859375 0.0078125
8 0.309375 0.2375 0.00703125 0.0078125
6 0.31328125 0.21796875 0.0734375 0.0328125
6 0.42421875 0.215625 0.06796875 0.03828125
6 0.15078125 0.2578125 0.09296875 0.0328125
6 0.18125 0.23203125 0.0296875 0.015625
8 0.24296875 0.25 0.01875 0.0140625
8 0.2421875 0.23515625 0.0109375 0.01640625
8 0.2234375 0.23828125 0.025 0.021875
8 0.39609375 0.23828125 0.0078125 0.01171875
8 0.4 0.25078125 0.0171875 0.00546875
8 0.3625 0.21484375 0.01328125 0.009375
8 0.35234375 0.24296875 0.009375 0.0078125
8 0.78125 0.25078125 0.01875 0.00703125
8 0.728125 0.2296875 0.00859375 0.0078125
8 0.66640625 0.21328125 0.01171875 0.0078125
8 0.896875 0.303125 0.009375 0.00625
8 0.9828125 0.2078125 0.01328125 0.00703125
8 0.971875 0.20390625 0.009375 0.00546875
8 0.9875 0.2015625 0.00625 0.0046875
8 0.98203125 0.26171875 0.009375 0.00625
8 0.971875 0.28046875 0.009375 0.00625
8 0.9859375 0.2828125 0.00625 0.00625
8 0.73671875 0.24921875 0.00625 0.00625
6 0.90546875 0.221875 0.0375 0.01484375