6 0.5109375 0.36875 0.33828125 0.0984375
6 0.49140625 0.3109375 0.228125 0.05859375
6 0.50703125 0.2671875 0.19609375 0.03359375
6 0.3609375 0.25390625 0.13203125 0.04296875
6 0.4734375 0.23828125 0.1328125 0.04453125
6 0.36015625 0.6171875 0.55859375 0.403125
6 0.1875 0.646875 0.04609375 0.02421875
8 0.35390625 0.7828125 0.021875 0.01328125
3 0.46640625 0.6671875 0.0265625 0.01484375
9 0.3875 0.67578125 0.02109375 0.01875
8 0.36484375 0.6671875 0.01796875 0.01640625
8 0.38515625 0.6640625 0.0125 0.01015625
8 0.54921875 0.615625 0.0203125 0.015625
8 0.53671875 0.6125 0.0171875 0.0125
8 0.5296875 0.5984375 0.01484375 0.0171875