6 0.6125 0.51328125 0.20234375 0.56015625
6 0.73671875 0.44609375 0.04375 0.12890625
6 0.73515625 0.2625 0.0625 0.1578125
6 0.78046875 0.16171875 0.05625 0.18203125
6 0.76953125 0.2984375 0.0390625 0.1390625
6 0.790625 0.34921875 0.05 0.20546875
6 0.89453125 0.425 0.0390625 0.1734375
6 0.91640625 0.37421875 0.03046875 0.11328125
8 0.8671875 0.3015625 0.015625 0.04296875
6 0.828125 0.4 0.0140625 0.06484375
6 0.85859375 0.5046875 0.02265625 0.0953125
6 0.8328125 0.51484375 0.0203125 0.06640625
6 0.23203125 0.5890625 0.4640625 0.821875
3 0.42109375 0.45 0.040625 0.115625
8 0.13046875 0.1890625 0.0421875 0.07265625
8 0.1578125 0.49609375 0.0375 0.04453125
6 0.28984375 0.08046875 0.0984375 0.1484375
6 0.43828125 0.1125 0.021875 0.04296875
8 0.43671875 0.1546875 0.0359375 0.04296875
8 0.49921875 0.24140625 0.01953125 0.04296875
8 0.4328125 0.29765625 0.015625 0.0375
6 0.3859375 0.3453125 0.0296875 0.03671875