8 0.84765625 0.6796875 0.01875 0.01328125
8 0.89296875 0.72421875 0.01171875 0.01015625
6 0.75390625 0.5265625 0.08359375 0.03984375
8 0.72265625 0.5390625 0.01328125 0.00703125
8 0.8203125 0.559375 0.009375 0.00703125
8 0.78515625 0.53828125 0.0171875 0.009375
6 0.4546875 0.48203125 0.5703125 0.14453125
8 0.4859375 0.465625 0.0140625 0.01171875
8 0.4140625 0.50546875 0.01640625 0.0078125
8 0.3421875 0.4890625 0.01171875 0.01015625
8 0.3234375 0.490625 0.01171875 0.01171875
8 0.30390625 0.496875 0.0109375 0.01484375