6 0.5515625 0.8 0.896875 0.4
6 0.5953125 0.41796875 0.80859375 0.2328125
6 0.5640625 0.25625 0.16953125 0.059375
6 0.340625 0.21484375 0.1984375 0.06796875
6 0.44453125 0.17734375 0.325 0.075
6 0.17578125 0.271875 0.29453125 0.08515625
6 0.0609375 0.20859375 0.121875 0.07265625
6 0.52578125 0.11328125 0.0609375 0.01796875
6 0.796875 0.084375 0.04140625 0.015625
6 0.77421875 0.040625 0.1453125 0.03125
3 0.2921875 0.03984375 0.03203125 0.01171875
8 0.55546875 0.934375 0.0328125 0.0296875
8 0.58359375 0.9421875 0.028125 0.02265625
8 0.3484375 0.83984375 0.0234375 0.02578125
8 0.33671875 0.63203125 0.09921875 0.0375
8 0.25859375 0.5953125 0.0140625 0.00703125
8 0.009375 0.57109375 0.0171875 0.0203125
8 0.18515625 0.43203125 0.02109375 0.01171875
6 0.18359375 0.4546875 0.01484375 0.00546875
8 0.3390625 0.39765625 0.02578125 0.01640625
8 0.0125 0.28984375 0.0140625 0.009375
1 0.11484375 0.27578125 0.07578125 0.02890625
8 0.16796875 0.275 0.0296875 0.01171875
3 0.0390625 0.23828125 0.01640625 0.0125
8 0.15078125 0.2046875 0.009375 0.00546875
8 0.2234375 0.19921875 0.0140625 0.00859375
8 0.38046875 0.128125 0.01171875 0.0046875
8 0.1421875 0.0546875 0.009375 0.01171875
8 0.1328125 0.05 0.01015625 0.0046875
8 0.09765625 0.09765625 0.02734375 0.009375
8 0.08046875 0.078125 0.00703125 0.00390625
8 0.08359375 0.07265625 0.0109375 0.00546875
8 0.06796875 0.07421875 0.0125 0.0078125