3 0.65078125 0.7640625 0.07890625 0.040625
6 0.434375 0.728125 0.0671875 0.01953125
6 0.43671875 0.68984375 0.0125 0.00625
6 0.2140625 0.69296875 0.0796875 0.03359375
8 0.21640625 0.6921875 0.01640625 0.00859375
6 0.9546875 0.60625 0.065625 0.01953125
6 0.890625 0.59453125 0.0125 0.0078125
6 0.8375 0.509375 0.325 0.1546875
6 0.73671875 0.43046875 0.02421875 0.009375
8 0.86796875 0.43125 0.00703125 0.003125
8 0.959375 0.54921875 0.01953125 0.00859375
8 0.85234375 0.51953125 0.01484375 0.01015625
8 0.8265625 0.51796875 0.009375 0.0109375
8 0.915625 0.46484375 0.00625 0.00390625
8 0.96875 0.48203125 0.0109375 0.00625
8 0.9859375 0.47890625 0.01171875 0.0078125
8 0.80234375 0.521875 0.00703125 0.00625
6 0.19296875 0.4640625 0.00859375 0.0046875
8 0.17109375 0.48671875 0.0078125 0.00390625
6 0.47109375 0.3921875 0.04140625 0.01328125
6 0.3375 0.375 0.01796875 0.00546875
6 0.303125 0.34140625 0.0859375 0.01484375
6 0.2328125 0.33671875 0.02421875 0.00859375
6 0.0640625 0.31640625 0.11875 0.0109375
6 0.01484375 0.30390625 0.02109375 0.00625