8 0.65390625 0.71796875 0.0171875 0.01640625
6 0.45625 0.72109375 0.01796875 0.015625
6 0.525 0.66171875 0.0265625 0.01484375
6 0.55 0.62265625 0.021875 0.025
8 0.4328125 0.60859375 0.01953125 0.0234375
6 0.328125 0.56796875 0.01015625 0.0078125
8 0.2625 0.70390625 0.03203125 0.0203125
6 0.25 0.628125 0.01796875 0.01875
8 0.19453125 0.38203125 0.0140625 0.0109375
8 0.3921875 0.38359375 0.0140625 0.0140625
6 0.22109375 0.3265625 0.03515625 0.0265625
8 0.3953125 0.0609375 0.034375 0.01796875
6 0.415625 0.06796875 0.05234375 0.00703125
6 0.47578125 0.05703125 0.01328125 0.009375
6 0.57734375 0.19453125 0.01328125 0.01328125
8 0.684375 0.07734375 0.0125 0.0078125
8 0.6640625 0.07265625 0.0109375 0.00703125
8 0.503125 0.1640625 0.01484375 0.00859375
8 0.4640625 0.17890625 0.01171875 0.01015625
6 0.334375 0.23046875 0.01015625 0.01640625