8 0.55234375 0.69140625 0.04453125 0.0546875
6 0.84375 0.453125 0.0703125 0.05703125
8 0.75390625 0.390625 0.07578125 0.05234375
8 0.9078125 0.7171875 0.04453125 0.040625
6 0.11171875 0.759375 0.10390625 0.0921875
6 0.51875 0.6296875 0.040625 0.0796875
6 0.32109375 0.13515625 0.17578125 0.04921875
8 0.303125 0.1078125 0.11328125 0.0703125
6 0.534375 0.0546875 0.053125 0.03671875
6 0.6234375 0.04765625 0.06875 0.02734375
8 0.27265625 0.21953125 0.025 0.021875
8 0.29453125 0.240625 0.03671875 0.02578125
6 0.2390625 0.1890625 0.0640625 0.03671875