2 0.29921875 0.09921875 0.0796875 0.04453125
8 0.171875 0.0515625 0.0203125 0.01796875
8 0.24375 0.18828125 0.04296875 0.0296875
6 0.3296875 0.13984375 0.14296875 0.05078125
8 0.27421875 0.2203125 0.021875 0.01484375
8 0.2953125 0.24140625 0.0203125 0.01484375
8 0.16953125 0.1953125 0.015625 0.00703125
8 0.675 0.375 0.04375 0.01953125
6 0.7234375 0.42109375 0.0328125 0.021875
6 0.8359375 0.45703125 0.04765625 0.04296875
8 0.55078125 0.69140625 0.03046875 0.0453125
8 0.90234375 0.71796875 0.02578125 0.01171875
8 0.81875 0.65546875 0.01171875 0.0078125
8 0.99453125 0.753125 0.0109375 0.0109375
8 0.98984375 0.68359375 0.015625 0.00859375
8 0.996875 0.6859375 0.00546875 0.0046875
8 0.9953125 0.7328125 0.009375 0.009375
6 0.11875 0.759375 0.0296875 0.0875
8 0.19921875 0.78203125 0.028125 0.0234375
6 0.08515625 0.68046875 0.01640625 0.01953125
6 0.5359375 0.053125 0.04375 0.03359375
6 0.62890625 0.04375 0.03828125 0.01953125
6 0.5796875 0.18359375 0.015625 0.01796875
6 0.51953125 0.6328125 0.01953125 0.0640625
6 0.746875 0.40078125 0.04609375 0.03671875
6 0.578125 0.1421875 0.00625 0.0046875
8 0.57578125 0.1359375 0.0078125 0.00703125
8 0.47578125 0.2234375 0.01015625 0.00859375