8 0.41953125 0.7125 0.0796875 0.03046875
8 0.51015625 0.721875 0.04140625 0.05078125
6 0.58515625 0.7421875 0.02421875 0.015625
8 0.48359375 0.559375 0.03203125 0.0203125
0 0.4890625 0.578125 0.02578125 0.0234375
8 0.540625 0.61484375 0.02109375 0.01953125
6 0.66640625 0.54609375 0.1 0.0453125
8 0.79140625 0.5875 0.01875 0.01015625
8 0.81484375 0.590625 0.0265625 0.0171875
8 0.41640625 0.52109375 0.01640625 0.0125
8 0.46015625 0.528125 0.01328125 0.009375
8 0.7359375 0.4390625 0.0328125 0.01875
8 0.8375 0.37890625 0.0296875 0.0203125
8 0.83203125 0.321875 0.01796875 0.0125
0 0.63359375 0.38125 0.02109375 0.0125
0 0.6625 0.36875 0.0296875 0.01015625
6 0.68984375 0.41328125 0.015625 0.021875
6 0.66953125 0.38984375 0.0109375 0.009375
6 0.52734375 0.26953125 0.021875 0.0109375
6 0.725 0.2515625 0.04765625 0.01328125
8 0.3109375 0.421875 0.01875 0.01015625
8 0.4609375 0.390625 0.015625 0.00859375
8 0.3828125 0.22109375 0.0203125 0.01328125
8 0.4078125 0.2046875 0.0140625 0.00859375
6 0.44296875 0.146875 0.115625 0.04765625
8 0.41953125 0.13828125 0.015625 0.0125
8 0.47578125 0.15703125 0.0171875 0.01328125
6 0.36328125 0.13984375 0.0390625 0.0234375
8 0.36953125 0.15 0.01015625 0.00703125
8 0.375 0.13046875 0.0125 0.00859375
8 0.38828125 0.128125 0.01015625 0.00546875
6 0.11953125 0.05859375 0.03359375 0.0265625
6 0.1953125 0.1171875 0.390625 0.15390625
6 0.15078125 0.2078125 0.028125 0.0265625
6 0.178125 0.20234375 0.0265625 0.009375
8 0.20703125 0.11953125 0.0140625 0.021875
8 0.23359375 0.04609375 0.0375 0.0125
8 0.37265625 0.08203125 0.01875 0.0109375
8 0.33359375 0.10078125 0.01171875 0.01171875
8 0.61796875 0.1125 0.00859375 0.01015625
6 0.58046875 0.1125 0.02578125 0.02109375
6 0.55 0.11640625 0.02109375 0.02265625
8 0.640625 0.1375 0.021875 0.01328125
8 0.9 0.15234375 0.0296875 0.015625
8 0.825 0.1375 0.01171875 0.0078125
8 0.26171875 0.2140625 0.021875 0.01796875
8 0.52890625 0.24296875 0.01328125 0.0078125
6 0.7609375 0.19296875 0.015625 0.0109375
6 0.6859375 0.26953125 0.0078125 0.00859375
8 0.7171875 0.28359375 0.01484375 0.01015625
6 0.6921875 0.284375 0.00859375 0.00390625
6 0.534375 0.52578125 0.0234375 0.0109375
8 0.55859375 0.5234375 0.009375 0.00625
8 0.58359375 0.52421875 0.00703125 0.00546875
6 0.64765625 0.6484375 0.00859375 0.009375
6 0.48671875 0.62734375 0.00859375 0.0078125
8 0.48046875 0.415625 0.0140625 0.01015625
8 0.540625 0.45078125 0.0140625 0.00859375
8 0.58984375 0.4796875 0.01015625 0.0078125
8 0.6390625 0.48828125 0.01015625 0.00703125
8 0.703125 0.4359375 0.01328125 0.009375
6 0.8296875 0.21484375 0.0125 0.0078125
6 0.76328125 0.2984375 0.0109375 0.0078125
6 0.65234375 0.278125 0.0125 0.0078125
6 0.69296875 0.35234375 0.01484375 0.0125
6 0.4546875 0.34453125 0.01953125 0.0109375
6 0.40234375 0.3515625 0.015625 0.0109375
6 0.34375 0.38984375 0.01484375 0.00703125