8 0.0859375 0.19296875 0.05078125 0.04140625
8 0.103125 0.05625 0.04921875 0.021875
8 0.103125 0.1078125 0.05546875 0.03125
8 0.21875 0.21796875 0.0359375 0.03671875
8 0.05625 0.16484375 0.0390625 0.028125
8 0.40390625 0.7375 0.05546875 0.0375
8 0.4484375 0.5234375 0.03515625 0.025
8 0.5359375 0.49921875 0.03203125 0.0203125
8 0.4859375 0.5046875 0.009375 0.0359375
8 0.384375 0.471875 0.03828125 0.03046875
8 0.334375 0.50234375 0.028125 0.01484375
6 0.5703125 0.13984375 0.08828125 0.04140625
6 0.50859375 0.071875 0.05625 0.04609375
8 0.36015625 0.10390625 0.04375 0.0296875
3 0.82734375 0.059375 0.04609375 0.02578125