8 0.2546875 0.5375 0.0703125 0.053125
8 0.40234375 0.82265625 0.0328125 0.03125
8 0.340625 0.8171875 0.0390625 0.01953125
8 0.16796875 0.6734375 0.02578125 0.02109375
8 0.715625 0.22421875 0.07109375 0.04296875
8 0.7984375 0.21875 0.03046875 0.02578125
8 0.4296875 0.396875 0.015625 0.01484375
5 0.5265625 0.41796875 0.06328125 0.04921875
6 0.43203125 0.41015625 0.1015625 0.05
6 0.45546875 0.3625 0.071875 0.03828125
6 0.04140625 0.315625 0.0828125 0.065625
6 0.01796875 0.39375 0.0359375 0.059375
6 0.14921875 0.35078125 0.0765625 0.0609375
6 0.03203125 0.45703125 0.05234375 0.09140625
8 0.14140625 0.5171875 0.03515625 0.0265625
8 0.159375 0.56328125 0.04296875 0.01875
8 0.12265625 0.5578125 0.02890625 0.02109375
6 0.08828125 0.60078125 0.09609375 0.06484375
8 0.23984375 0.29453125 0.0984375 0.03671875
8 0.209375 0.346875 0.03984375 0.0359375
8 0.3609375 0.228125 0.02890625 0.0296875
6 0.48671875 0.21484375 0.08046875 0.06015625
6 0.578125 0.28046875 0.10078125 0.08984375
8 0.965625 0.209375 0.02734375 0.03125
6 0.7859375 0.1703125 0.07578125 0.05703125
8 0.70625 0.1640625 0.05 0.0359375
8 0.653125 0.36484375 0.0359375 0.02578125
6 0.690625 0.31796875 0.05625 0.034375