6 0.50078125 0.28125 0.9984375 0.5625
6 0.35625 0.4640625 0.240625 0.24375
1 0.35234375 0.01953125 0.19765625 0.0390625
8 0.0859375 0.0453125 0.075 0.0234375
8 0.41953125 0.434375 0.04296875 0.021875
8 0.4359375 0.425 0.0421875 0.01640625
8 0.63203125 0.496875 0.059375 0.015625
8 0.70546875 0.52265625 0.03203125 0.015625
8 0.0234375 0.43203125 0.04609375 0.0265625
8 0.175 0.71875 0.06328125 0.025
6 0.21171875 0.66796875 0.03671875 0.03046875
6 0.13515625 0.86484375 0.05625 0.01875
6 0.546875 0.83125 0.0421875 0.0125
6 0.8375 0.86484375 0.03515625 0.03671875