6 0.5625 0.47578125 0.2765625 0.1296875
2 0.63125 0.4046875 0.0359375 0.01875
8 0.5625 0.39375 0.009375 0.00625
6 0.4796875 0.3265625 0.01484375 0.01640625
6 0.53359375 0.32109375 0.028125 0.0078125
6 0.44765625 0.35703125 0.0109375 0.00625
6 0.41796875 0.3625 0.01953125 0.0078125
8 0.51796875 0.23359375 0.0171875 0.01328125
8 0.54296875 0.24140625 0.009375 0.00390625
8 0.546875 0.234375 0.00703125 0.0109375
8 0.459375 0.2375 0.0125 0.0046875
8 0.315625 0.2140625 0.02265625 0.01015625
6 0.2984375 0.215625 0.01328125 0.0046875
6 0.3515625 0.20859375 0.08359375 0.03203125
8 0.2140625 0.159375 0.01328125 0.00859375
6 0.19609375 0.19453125 0.009375 0.0109375
6 0.25 0.17734375 0.009375 0.00390625
8 0.1578125 0.17265625 0.0078125 0.003125
6 0.225 0.215625 0.00859375 0.003125
6 0.234375 0.22109375 0.00859375 0.003125
6 0.29296875 0.24375 0.0078125 0.003125
6 0.2828125 0.253125 0.00703125 0.00234375
6 0.2671875 0.2375 0.00546875 0.003125
6 0.3296875 0.24375 0.00625 0.0015625
6 0.3625 0.23125 0.003125 0.003125
6 0.40625 0.21796875 0.0046875 0.003125
6 0.41328125 0.21953125 0.00546875 0.00390625
8 0.53125 0.35703125 0.00625 0.0046875
6 0.45234375 0.59921875 0.1328125 0.0328125
6 0.5359375 0.55625 0.04296875 0.00859375
6 0.55078125 0.5828125 0.00546875 0.00390625
6 0.5875 0.58515625 0.009375 0.0046875
5 0.58828125 0.66796875 0.04375 0.021875
6 0.56796875 0.75078125 0.04453125 0.0203125
6 0.70703125 0.7390625 0.0375 0.03359375
6 0.84921875 0.74296875 0.0328125 0.02890625
6 0.74296875 0.64375 0.02890625 0.00859375
6 0.6953125 0.6046875 0.03984375 0.01484375
6 0.8390625 0.63359375 0.05859375 0.015625
6 0.775 0.62421875 0.01875 0.01484375
6 0.78515625 0.6203125 0.00703125 0.00390625
6 0.7578125 0.6 0.01640625 0.00859375
6 0.7890625 0.584375 0.00703125 0.003125
6 0.81171875 0.56953125 0.03125 0.01640625
6 0.853125 0.5453125 0.02734375 0.0125
6 0.8515625 0.56015625 0.0078125 0.00390625
6 0.9125 0.5203125 0.0875 0.09296875
8 0.91015625 0.49140625 0.01953125 0.00625
2 0.93984375 0.4984375 0.02734375 0.015625
6 0.9375 0.51328125 0.00703125 0.00234375
6 0.9640625 0.5109375 0.01484375 0.00625
6 0.99140625 0.46953125 0.0078125 0.00234375
6 0.9203125 0.45546875 0.0078125 0.003125
8 0.86953125 0.41015625 0.01171875 0.0078125
6 0.86171875 0.4046875 0.01640625 0.03125
6 0.7046875 0.30703125 0.059375 0.01953125
6 0.6578125 0.284375 0.0671875 0.0078125
6 0.43125 0.21171875 0.053125 0.01953125
6 0.50390625 0.2171875 0.021875 0.00703125
6 0.50703125 0.21328125 0.01171875 0.0046875
6 0.55546875 0.140625 0.01171875 0.00390625
6 0.02734375 0.2625 0.0546875 0.009375
6 0.04921875 0.759375 0.0984375 0.1625
6 0.2140625 0.7015625 0.03046875 0.0171875
6 0.25 0.69375 0.00859375 0.00625
8 0.2328125 0.67734375 0.01015625 0.00703125
6 0.20390625 0.67421875 0.034375 0.015625
6 0.26171875 0.6609375 0.00859375 0.00390625
6 0.2828125 0.6921875 0.009375 0.00390625
6 0.225 0.6765625 0.00625 0.003125
6 0.134375 0.63828125 0.0640625 0.0203125
6 0.16171875 0.61796875 0.0078125 0.0046875
6 0.23515625 0.62109375 0.01171875 0.0046875
6 0.01484375 0.63671875 0.0296875 0.01796875
6 0.734375 0.82421875 0.0765625 0.0359375
6 0.9546875 0.953125 0.090625 0.05078125
6 0.81640625 0.96171875 0.034375 0.03359375
6 0.8546875 0.975 0.01953125 0.02734375
6 0.88671875 0.9921875 0.02421875 0.01484375
6 0.91328125 0.81875 0.02265625 0.0296875
6 0.671875 0.85859375 0.009375 0.00859375
6 0.6765625 0.8671875 0.0125 0.00859375
6 0.66875 0.83359375 0.01484375 0.015625
6 0.6671875 0.815625 0.01328125 0.00390625
6 0.68203125 0.828125 0.01015625 0.0109375
6 0.70234375 0.82890625 0.00703125 0.0046875
6 0.7234375 0.8390625 0.009375 0.00859375
6 0.71875 0.86015625 0.0203125 0.0125
6 0.2859375 0.940625 0.0171875 0.0109375
6 0.296875 0.940625 0.0109375 0.0078125
6 0.4859375 0.9015625 0.00859375 0.00546875
6 0.20625 0.9828125 0.05 0.034375
6 0.11015625 0.9828125 0.015625 0.01171875
6 0.13046875 0.97734375 0.0078125 0.00703125
6 0.05 0.984375 0.0765625 0.03046875
8 0.1296875 0.90703125 0.009375 0.00625