6 0.3515625 0.65703125 0.0296875 0.0375
8 0.53046875 0.68125 0.01796875 0.01640625
6 0.55703125 0.6109375 0.034375 0.04453125
6 0.5109375 0.5953125 0.02421875 0.0171875
6 0.44453125 0.5796875 0.01484375 0.0140625
6 0.4546875 0.5859375 0.0140625 0.01640625
6 0.42734375 0.6015625 0.05546875 0.03359375
6 0.45234375 0.6171875 0.01328125 0.015625
6 0.4609375 0.61171875 0.00859375 0.01015625
6 0.46640625 0.62109375 0.01328125 0.01171875
6 0.2484375 0.5703125 0.0390625 0.04140625
6 0.57734375 0.4546875 0.0609375 0.01640625
6 0.61875 0.48125 0.025 0.015625
6 0.65078125 0.5078125 0.03671875 0.02421875
8 0.42734375 0.44140625 0.02890625 0.0140625
6 0.18671875 0.4640625 0.02265625 0.009375