7 0.4359375 0.73125 0.0484375 0.03203125
6 0.20859375 0.9453125 0.0203125 0.01328125
6 0.8296875 0.753125 0.01171875 0.00703125
6 0.95703125 0.67734375 0.03515625 0.01796875
6 0.50859375 0.6375 0.01640625 0.0109375
6 0.153125 0.45546875 0.02734375 0.01640625
7 0.50859375 0.27265625 0.03828125 0.0234375
6 0.70859375 0.18125 0.01953125 0.01328125
6 0.43984375 0.034375 0.0171875 0.009375
6 0.52578125 0.08359375 0.01640625 0.01171875
6 0.45625 0.2953125 0.01015625 0.00859375
6 0.47890625 0.26796875 0.00703125 0.00859375
6 0.59609375 0.33515625 0.0140625 0.0078125
6 0.60078125 0.3234375 0.0125 0.01015625
6 0.6890625 0.22578125 0.0109375 0.0078125
6 0.75703125 0.253125 0.00625 0.00859375
6 0.84453125 0.3390625 0.01328125 0.01015625
6 0.840625 0.19140625 0.01015625 0.00625
6 0.853125 0.18125 0.01015625 0.00546875
6 0.65390625 0.203125 0.00703125 0.00703125