8 0.73984375 0.4578125 0.0390625 0.1265625
8 0.30546875 0.78203125 0.0375 0.04921875
6 0.52578125 0.678125 0.03515625 0.08671875
8 0.4890625 0.5125 0.03671875 0.03984375
8 0.72421875 0.72421875 0.05 0.128125
6 0.1203125 0.0234375 0.06015625 0.046875
8 0.7140625 0.1390625 0.0171875 0.0265625
6 0.6828125 0.23359375 0.0140625 0.02578125
8 0.51015625 0.6734375 0.0125 0.021875
8 0.55078125 0.20078125 0.01171875 0.0125
8 0.7984375 0.1078125 0.01015625 0.0203125
8 0.91484375 0.1125 0.009375 0.01796875
8 0.23828125 0.03359375 0.0109375 0.0109375
6 0.96640625 0.69140625 0.0078125 0.015625