6 0.33203125 0.40546875 0.11796875 0.06875
6 0.5390625 0.25703125 0.2453125 0.0609375
6 0.41875 0.66171875 0.16640625 0.04921875
8 0.78671875 0.8515625 0.0328125 0.02109375
6 0.846875 0.91953125 0.02421875 0.0140625
8 0.53515625 0.39296875 0.03828125 0.0234375
6 0.4203125 0.19453125 0.02890625 0.01953125
6 0.5 0.2015625 0.0375 0.0203125
6 0.56484375 0.2234375 0.03359375 0.025
6 0.74296875 0.15703125 0.0390625 0.015625
6 0.6453125 0.33359375 0.02890625 0.01484375
6 0.70234375 0.37734375 0.025 0.015625