3 0.3078125 0.33671875 0.096875 0.0703125
6 0.05078125 0.196875 0.06015625 0.02109375
6 0.03046875 0.175 0.02265625 0.009375
6 0.16015625 0.23671875 0.01171875 0.0078125
6 0.22109375 0.33984375 0.04375 0.015625
6 0.4234375 0.39375 0.021875 0.0109375
6 0.58359375 0.38125 0.13515625 0.0609375
6 0.6734375 0.41953125 0.21015625 0.0484375
6 0.828125 0.3859375 0.0484375 0.01953125
6 0.88984375 0.37265625 0.01015625 0.00625
6 0.97734375 0.3515625 0.0453125 0.009375
6 0.9828125 0.3859375 0.034375 0.009375
6 0.99375 0.4359375 0.0125 0.034375
6 0.30390625 0.42109375 0.03359375 0.0140625