6 0.6515625 0.534375 0.0265625 0.00859375
6 0.63984375 0.53984375 0.00625 0.0046875
6 0.609375 0.5578125 0.028125 0.0125
6 0.64296875 0.5109375 0.0390625 0.04609375
6 0.31640625 0.5515625 0.021875 0.015625
6 0.27578125 0.565625 0.05859375 0.046875
6 0.23046875 0.53203125 0.0125 0.0046875
6 0.34609375 0.4890625 0.00859375 0.00390625
6 0.321875 0.4875 0.0078125 0.003125
6 0.36171875 0.5015625 0.0078125 0.00390625
6 0.35234375 0.50234375 0.009375 0.003125
6 0.35703125 0.4921875 0.03203125 0.021875
6 0.30390625 0.50703125 0.07578125 0.02265625
6 0.34765625 0.5171875 0.05234375 0.00859375
6 0.37421875 0.5171875 0.04609375 0.0078125
6 0.42109375 0.4625 0.01171875 0.00546875
6 0.375 0.46484375 0.0109375 0.0046875
6 0.38671875 0.46484375 0.009375 0.0046875
6 0.421875 0.44140625 0.009375 0.00390625
6 0.42265625 0.45234375 0.01640625 0.01171875
6 0.2921875 0.41015625 0.01015625 0.00625
6 0.19921875 0.41328125 0.01171875 0.003125
6 0.07890625 0.48359375 0.01328125 0.00859375
6 0.1546875 0.5734375 0.01328125 0.0109375
6 0.14921875 0.65390625 0.0078125 0.0078125
6 0.75 0.1125 0.0171875 0.0046875
6 0.6953125 0.08984375 0.009375 0.00390625
6 0.76015625 0.1484375 0.0171875 0.01171875
8 0.90625 0.08359375 0.01875 0.01328125
6 0.85625 0.11328125 0.07265625 0.02890625
6 0.87109375 0.11171875 0.009375 0.01015625
6 0.9046875 0.02578125 0.01015625 0.00625
6 0.88046875 0.009375 0.0078125 0.00625
6 0.9125 0.02421875 0.0046875 0.00234375
6 0.8234375 0.040625 0.01171875 0.00390625
6 0.85546875 0.04375 0.00859375 0.003125
6 0.85859375 0.03203125 0.00859375 0.003125
6 0.9484375 0.05234375 0.00859375 0.0046875
6 0.965625 0.0546875 0.0046875 0.00234375
6 0.96796875 0.05625 0.0046875 0.0015625
6 0.984375 0.02734375 0.00625 0.003125
6 0.64375 0.04375 0.0078125 0.003125
6 0.70078125 0.05625 0.0078125 0.003125
6 0.73359375 0.0625 0.00703125 0.003125
6 0.6484375 0.0890625 0.009375 0.003125
6 0.55859375 0.09921875 0.01171875 0.0046875
6 0.53828125 0.071875 0.01328125 0.00703125
6 0.5234375 0.075 0.015625 0.00625
6 0.5328125 0.1 0.00625 0.0046875
6 0.53984375 0.1078125 0.009375 0.0046875
6 0.57421875 0.115625 0.00703125 0.003125
6 0.59453125 0.08828125 0.00859375 0.003125
6 0.6578125 0.109375 0.0109375 0.00390625
8 0.51484375 0.05234375 0.01953125 0.01171875
6 0.4796875 0.03046875 0.00625 0.00234375
6 0.47109375 0.0484375 0.00625 0.003125
6 0.4671875 0.0671875 0.00625 0.003125
6 0.528125 0.0234375 0.00546875 0.00390625
6 0.54453125 0.01171875 0.009375 0.0046875
6 0.67734375 0.0640625 0.00390625 0.0015625
6 0.6515625 0.053125 0.00390625 0.0015625
6 0.70625 0.04453125 0.0046875 0.00234375
6 0.71328125 0.0515625 0.003125 0.0015625
6 0.378125 0.0703125 0.01796875 0.034375
6 0.384375 0.0859375 0.00625 0.0015625
6 0.39453125 0.065625 0.00703125 0.00390625
6 0.3640625 0.04765625 0.0046875 0.0015625
6 0.3359375 0.06015625 0.0078125 0.003125
6 0.38359375 0.03671875 0.00625 0.00390625
6 0.42578125 0.11484375 0.0078125 0.00234375
6 0.45546875 0.10625 0.00625 0.00390625
6 0.39765625 0.15078125 0.00859375 0.003125
6 0.38359375 0.1328125 0.00703125 0.00390625
6 0.49453125 0.13359375 0.00703125 0.003125
6 0.47890625 0.17421875 0.01953125 0.01171875
6 0.53515625 0.15546875 0.00390625 0.0015625
6 0.64375 0.15390625 0.0046875 0.003125
6 0.63984375 0.20703125 0.0078125 0.00234375
6 0.6265625 0.2125 0.015625 0.0109375
6 0.653125 0.40234375 0.03515625 0.0359375
6 0.609375 0.3859375 0.0203125 0.01875
6 0.53203125 0.3890625 0.0078125 0.00390625
6 0.51640625 0.40390625 0.00703125 0.00234375
6 0.53515625 0.403125 0.00546875 0.00234375
6 0.5203125 0.41796875 0.00390625 0.00234375
6 0.5015625 0.42265625 0.00546875 0.003125
8 0.3703125 0.34765625 0.03671875 0.0265625
6 0.3546875 0.3390625 0.01171875 0.01171875
6 0.346875 0.35234375 0.00625 0.003125
6 0.28984375 0.35625 0.0203125 0.0140625
6 0.30546875 0.3546875 0.00703125 0.003125
6 0.3296875 0.37421875 0.00703125 0.003125
6 0.36328125 0.365625 0.025 0.0125
6 0.21796875 0.35703125 0.0109375 0.01015625
6 0.20078125 0.35234375 0.0078125 0.0046875
6 0.32890625 0.29765625 0.00859375 0.0046875
6 0.23125 0.30234375 0.00546875 0.00390625
6 0.43046875 0.2609375 0.1171875 0.01796875
6 0.4296875 0.23203125 0.00703125 0.0046875
6 0.3640625 0.25703125 0.00546875 0.003125
6 0.3640625 0.2640625 0.00390625 0.00234375
6 0.2984375 0.2375 0.00546875 0.00390625
6 0.27109375 0.2140625 0.0125 0.00625
6 0.28984375 0.26328125 0.00703125 0.00390625
6 0.2 0.21484375 0.00625 0.00390625
6 0.38359375 0.2015625 0.00390625 0.003125
6 0.31796875 0.2 0.00625 0.00234375
6 0.08671875 0.26328125 0.0078125 0.00390625
6 0.2234375 0.2546875 0.0078125 0.003125
6 0.20546875 0.25390625 0.00546875 0.003125
6 0.64765625 0.23828125 0.0140625 0.00625
6 0.58828125 0.22734375 0.00546875 0.003125
6 0.6375 0.27265625 0.00625 0.00390625
6 0.93828125 0.01015625 0.00390625 0.00234375
6 0.978125 0.09140625 0.0046875 0.00234375
6 0.925 0.078125 0.01640625 0.00546875
6 0.8984375 0.1 0.00390625 0.00234375
6 0.86953125 0.09609375 0.0046875 0.00234375
6 0.86953125 0.09765625 0.0046875 0.0015625
6 0.83359375 0.10625 0.00546875 0.00234375
6 0.8375 0.1109375 0.00390625 0.00234375
6 0.78203125 0.15546875 0.00390625 0.00234375