6 0.271875 0.4640625 0.04765625 0.021875
8 0.48984375 0.5109375 0.03671875 0.0125
6 0.43984375 0.52109375 0.03984375 0.01171875
6 0.478125 0.50078125 0.01953125 0.009375
6 0.384375 0.65390625 0.01796875 0.01328125
6 0.46875 0.63515625 0.0953125 0.01796875
6 0.59765625 0.5921875 0.0234375 0.01796875
6 0.54140625 0.5484375 0.06171875 0.015625
6 0.36015625 0.58359375 0.0125 0.00546875
8 0.41640625 0.36171875 0.0328125 0.0140625
6 0.34140625 0.3921875 0.0046875 0.00234375
8 0.46640625 0.84765625 0.01171875 0.00859375
6 0.465625 0.7875 0.0109375 0.00625
6 0.284375 0.79140625 0.028125 0.01875
6 0.31171875 0.9015625 0.01015625 0.0046875
6 0.42578125 0.9046875 0.00859375 0.00625
6 0.38515625 0.86953125 0.00859375 0.0046875
6 0.5578125 0.878125 0.028125 0.015625
6 0.51484375 0.87109375 0.00859375 0.0046875
6 0.46640625 0.86171875 0.0078125 0.0046875
6 0.38203125 0.946875 0.0109375 0.00546875
6 0.42890625 0.93984375 0.00859375 0.0046875
6 0.43671875 0.93828125 0.0109375 0.00390625
6 0.49375 0.99375 0.01015625 0.00546875
6 0.24453125 0.9390625 0.009375 0.00625
6 0.3140625 0.99453125 0.009375 0.00546875
6 0.27421875 0.82421875 0.00859375 0.0046875
6 0.49921875 0.8296875 0.01015625 0.0046875
6 0.71484375 0.8109375 0.053125 0.0140625
6 0.8 0.86484375 0.040625 0.0140625
6 0.80546875 0.9828125 0.0140625 0.00390625
6 0.96015625 0.96484375 0.0078125 0.00625
6 0.94375 0.96796875 0.05078125 0.00703125
6 0.9875 0.940625 0.00859375 0.00625
6 0.73984375 0.97421875 0.0078125 0.00625
6 0.57734375 0.728125 0.01171875 0.00390625
6 0.43125 0.6890625 0.00859375 0.00625
6 0.3703125 0.7859375 0.009375 0.0046875
6 0.42421875 0.7390625 0.0078125 0.00625
6 0.3875 0.60078125 0.0171875 0.02109375
6 0.390625 0.58203125 0.01953125 0.0046875