6 0.43203125 0.721875 0.303125 0.1765625
6 0.9359375 0.50078125 0.128125 0.13359375
6 0.925 0.2515625 0.15 0.0734375
6 0.57421875 0.25859375 0.0875 0.0515625
6 0.48203125 0.58359375 0.0734375 0.03671875
6 0.46796875 0.5234375 0.0640625 0.03671875
6 0.36640625 0.5609375 0.06796875 0.0203125
6 0.2109375 0.63046875 0.046875 0.02890625
6 0.61328125 0.60078125 0.053125 0.03828125
6 0.8921875 0.59609375 0.146875 0.03984375
6 0.975 0.76328125 0.05 0.0453125
6 0.4453125 0.89921875 0.13125 0.08828125
6 0.35546875 0.96484375 0.07578125 0.0265625
6 0.428125 0.9703125 0.05234375 0.03515625
6 0.45859375 0.96328125 0.05234375 0.0328125
6 0.5875 0.9046875 0.0703125 0.06171875
6 0.6703125 0.8765625 0.03984375 0.03671875
6 0.8078125 0.975 0.065625 0.05
6 0.9234375 0.98828125 0.06015625 0.0234375
6 0.16796875 0.9171875 0.03359375 0.01953125
6 0.65625 0.665625 0.034375 0.025
6 0.65078125 0.6390625 0.0453125 0.02421875