3 0.40625 0.31015625 0.04765625 0.028125
8 0.46875 0.30546875 0.0390625 0.0109375
8 0.4453125 0.3125 0.0375 0.0109375
8 0.371875 0.31875 0.01875 0.0125
8 0.32109375 0.32734375 0.028125 0.01484375
8 0.3890625 0.36484375 0.03203125 0.01484375
8 0.4671875 0.334375 0.0328125 0.01328125
8 0.53046875 0.34921875 0.03046875 0.02109375
8 0.4984375 0.35859375 0.04609375 0.0203125
8 0.45078125 0.34921875 0.03203125 0.0140625
8 0.45390625 0.36484375 0.025 0.02265625
7 0.3484375 0.47890625 0.09140625 0.03359375
8 0.63359375 0.553125 0.02890625 0.01171875
8 0.6546875 0.44765625 0.0234375 0.00859375
8 0.71875 0.5328125 0.009375 0.00625
8 0.4796875 0.1765625 0.0140625 0.0078125
6 0.7390625 0.5140625 0.24765625 0.12265625
6 0.89296875 0.48359375 0.2140625 0.20625
6 0.47109375 0.34453125 0.9421875 0.6890625