8 0.54296875 0.47890625 0.0328125 0.034375
8 0.58359375 0.46171875 0.0734375 0.01796875
8 0.6234375 0.4515625 0.0640625 0.01640625
8 0.57890625 0.4375 0.07734375 0.03203125
9 0.54140625 0.378125 0.03359375 0.01953125
8 0.3328125 0.28984375 0.071875 0.01484375
8 0.2625 0.31875 0.071875 0.02265625
8 0.440625 0.28203125 0.09296875 0.01796875
8 0.39921875 0.3015625 0.06484375 0.01640625
6 0.15703125 0.4828125 0.2828125 0.03984375
6 0.16015625 0.55078125 0.1390625 0.1390625
6 0.26171875 0.56015625 0.37578125 0.0609375
6 0.63828125 0.3953125 0.28984375 0.23203125
6 0.82578125 0.43828125 0.3484375 0.2671875
6 0.85 0.4640625 0.2046875 0.19921875
6 0.86015625 0.4953125 0.27890625 0.028125
8 0.37265625 0.165625 0.06484375 0.0265625
8 0.30390625 0.15078125 0.0296875 0.01953125
6 0.4296875 0.39609375 0.70078125 0.503125