8 0.20703125 0.6921875 0.05546875 0.03515625
6 0.30078125 0.69921875 0.02265625 0.0109375
8 0.36875 0.75703125 0.03125 0.02109375
8 0.25390625 0.79921875 0.02265625 0.0109375
6 0.50625 0.75390625 0.06484375 0.021875
6 0.5109375 0.8609375 0.01171875 0.01015625
6 0.66328125 0.90234375 0.01015625 0.009375
6 0.44375 0.69453125 0.01484375 0.0171875
6 0.396875 0.56484375 0.0140625 0.0125
6 0.3578125 0.4578125 0.02734375 0.021875
6 0.41328125 0.359375 0.01875 0.0125
6 0.39453125 0.40390625 0.015625 0.01328125
6 0.46015625 0.37578125 0.0171875 0.00859375
6 0.6953125 0.4234375 0.02109375 0.021875
6 0.74140625 0.3875 0.0171875 0.0109375
6 0.90546875 0.43359375 0.0125 0.0078125
6 0.99296875 0.46171875 0.0140625 0.01015625
6 0.89140625 0.4953125 0.009375 0.00625
6 0.8921875 0.46171875 0.00859375 0.00703125
6 0.884375 0.58671875 0.103125 0.0578125
6 0.82109375 0.540625 0.01640625 0.0109375
6 0.825 0.55234375 0.01484375 0.01015625
6 0.8421875 0.5984375 0.17734375 0.1515625
6 0.8 0.9921875 0.01484375 0.0125
6 0.0734375 0.6625 0.01328125 0.0109375
6 0.01796875 0.55078125 0.0171875 0.009375
6 0.53515625 0.409375 0.04140625 0.0203125
6 0.45078125 0.43984375 0.01015625 0.0078125
6 0.16484375 0.26796875 0.01796875 0.01015625
6 0.21796875 0.39765625 0.0171875 0.0125