6 0.24921875 0.515625 0.0484375 0.05703125
0 0.40546875 0.56328125 0.0203125 0.03046875
6 0.4125 0.590625 0.0328125 0.06328125
6 0.478125 0.5375 0.00859375 0.00703125
6 0.465625 0.50625 0.00703125 0.0046875
6 0.6515625 0.5015625 0.04140625 0.0453125
6 0.68984375 0.51640625 0.0078125 0.02734375
6 0.6890625 0.49453125 0.00703125 0.0046875
6 0.58125 0.471875 0.0078125 0.00546875
6 0.640625 0.46640625 0.009375 0.00625
6 0.6234375 0.465625 0.01171875 0.00859375
6 0.60703125 0.45625 0.01015625 0.009375
6 0.5046875 0.4859375 0.00859375 0.00546875
6 0.50078125 0.478125 0.00859375 0.00546875
6 0.55625 0.478125 0.01015625 0.00546875
6 0.5640625 0.478125 0.0078125 0.0046875
6 0.54921875 0.4796875 0.00625 0.0046875
6 0.58203125 0.4296875 0.0046875 0.0046875
6 0.53828125 0.44765625 0.00546875 0.0046875
6 0.6734375 0.415625 0.00625 0.00625
6 0.61328125 0.3609375 0.046875 0.01640625
6 0.6578125 0.36484375 0.0109375 0.00625
6 0.6984375 0.31796875 0.0109375 0.0203125
6 0.56953125 0.3671875 0.009375 0.0046875
6 0.5828125 0.36328125 0.00625 0.00625
6 0.5859375 0.34765625 0.0078125 0.00390625
6 0.58828125 0.334375 0.00625 0.00390625
6 0.59140625 0.32890625 0.01015625 0.00546875
6 0.60859375 0.30625 0.01171875 0.00703125
6 0.66015625 0.31953125 0.00546875 0.00625
6 0.6796875 0.3390625 0.0078125 0.00546875
6 0.5546875 0.28515625 0.01171875 0.0078125
6 0.66640625 0.29296875 0.0078125 0.0078125
6 0.6484375 0.29296875 0.0078125 0.00625
6 0.559375 0.3 0.01015625 0.00546875
6 0.98359375 0.61640625 0.0328125 0.0640625
6 0.67109375 0.72421875 0.01171875 0.009375
6 0.66953125 0.74453125 0.01015625 0.0109375
6 0.66171875 0.75390625 0.0125 0.00703125
6 0.6875 0.75625 0.00625 0.00859375
6 0.8875 0.884375 0.0171875 0.01328125
6 0.8875 0.85703125 0.01640625 0.0109375
6 0.93046875 0.8609375 0.01875 0.0078125
6 0.403125 0.64453125 0.01328125 0.00859375
6 0.42734375 0.64375 0.01171875 0.0078125
6 0.4578125 0.64453125 0.0078125 0.00546875
6 0.3515625 0.45390625 0.01328125 0.01171875
6 0.64609375 0.26796875 0.01328125 0.00625
6 0.60859375 0.24375 0.0078125 0.00625
6 0.678125 0.23984375 0.0078125 0.00390625
6 0.675 0.26484375 0.00703125 0.0046875
6 0.784375 0.2671875 0.0078125 0.0046875
8 0.61796875 0.03203125 0.05234375 0.025
6 0.5671875 0.02265625 0.01640625 0.00625
6 0.1375 0.8203125 0.06484375 0.0671875
6 0.1828125 0.91328125 0.05859375 0.0203125
6 0.1203125 0.9625 0.04765625 0.0453125
6 0.27734375 0.8921875 0.0078125 0.00703125
6 0.3296875 0.92265625 0.01015625 0.00859375
6 0.41171875 0.91796875 0.01171875 0.009375
6 0.41171875 0.94296875 0.01328125 0.00859375
6 0.45390625 0.8375 0.01171875 0.009375
6 0.521875 0.9 0.00859375 0.00859375