8 0.465625 0.509375 0.028125 0.0609375
6 0.159375 0.26875 0.02890625 0.0421875
6 0.26171875 0.15703125 0.0265625 0.05546875
6 0.29609375 0.03984375 0.05703125 0.0625
6 0.00859375 0.02578125 0.0125 0.02421875
8 0.03984375 0.0578125 0.0125 0.01796875
6 0.03984375 0.14375 0.015625 0.03671875
8 0.50859375 0.3890625 0.0140625 0.02890625
6 0.47421875 0.746875 0.0265625 0.0625
6 0.784375 0.93984375 0.02421875 0.0625
6 0.69921875 0.4 0.05078125 0.0796875
8 0.70546875 0.3984375 0.0140625 0.0234375
6 0.75234375 0.85546875 0.02265625 0.03125