6 0.253125 0.68125 0.3109375 0.078125
6 0.27421875 0.32578125 0.2015625 0.09296875
6 0.3875 0.18203125 0.06796875 0.02890625
6 0.59453125 0.125 0.14375 0.0484375
6 0.9046875 0.2453125 0.190625 0.075
6 0.875 0.303125 0.10546875 0.0734375
6 0.94296875 0.32421875 0.084375 0.05546875
6 0.86328125 0.615625 0.2734375 0.06875
6 0.68671875 0.55078125 0.09453125 0.04921875
6 0.92109375 0.51875 0.0890625 0.05546875
6 0.78984375 0.5359375 0.03125 0.03203125
6 0.8328125 0.5484375 0.0515625 0.034375
6 0.3234375 0.51875 0.06484375 0.040625
8 0.140625 0.68359375 0.053125 0.0375