6 0.02578125 0.43671875 0.0515625 0.13515625
6 0.77578125 0.54609375 0.01953125 0.03359375
6 0.9828125 0.4640625 0.015625 0.02265625
8 0.86015625 0.728125 0.0234375 0.025
8 0.77578125 0.69296875 0.01796875 0.01640625
8 0.79140625 0.68203125 0.0140625 0.01953125
6 0.7109375 0.68828125 0.0140625 0.01484375
6 0.7875 0.66171875 0.01015625 0.01171875
6 0.39375 0.89609375 0.03359375 0.03984375
8 0.634375 0.86640625 0.0171875 0.0140625
8 0.5328125 0.559375 0.015625 0.02421875
6 0.48203125 0.89296875 0.0125 0.0140625
8 0.5703125 0.21796875 0.0171875 0.01875
6 0.56640625 0.05703125 0.0265625 0.0453125
6 0.5859375 0.01015625 0.0125 0.0203125
6 0.51328125 0.00390625 0.0140625 0.0078125
8 0.6875 0.12734375 0.009375 0.01796875
8 0.0453125 0.08359375 0.021875 0.028125