6 0.0828125 0.3359375 0.165625 0.1140625
6 0.19609375 0.51015625 0.3546875 0.12734375
3 0.12265625 0.31796875 0.0234375 0.0109375
8 0.1234375 0.32578125 0.00859375 0.0046875
8 0.7859375 0.5390625 0.0265625 0.0171875
6 0.6140625 0.3515625 0.6296875 0.20859375
3 0.76015625 0.4203125 0.0359375 0.0234375
3 0.6171875 0.34453125 0.04609375 0.021875
8 0.584375 0.40234375 0.028125 0.01171875
8 0.5109375 0.321875 0.0359375 0.0140625
3 0.78828125 0.3515625 0.01640625 0.0109375
8 0.6765625 0.3109375 0.0203125 0.01328125