9 0.428125 0.67890625 0.05234375 0.0640625
6 0.18125 0.64140625 0.0203125 0.015625
6 0.19453125 0.640625 0.01015625 0.0109375
6 0.2265625 0.63515625 0.0125 0.00703125
6 0.44453125 0.2234375 0.03125 0.02421875
6 0.7234375 0.178125 0.02421875 0.01484375
6 0.87109375 0.240625 0.01328125 0.01015625
6 0.98125 0.30859375 0.01640625 0.009375
8 0.65546875 0.07265625 0.05859375 0.03359375
6 0.63046875 0.09296875 0.01015625 0.0078125
6 0.86171875 0.0640625 0.05390625 0.0171875
8 0.8796875 0.15625 0.0171875 0.0140625
6 0.6515625 0.0515625 0.01875 0.015625
6 0.5078125 0.0421875 0.0234375 0.01484375
6 0.08359375 0.13984375 0.01484375 0.00859375
6 0.0296875 0.4328125 0.01328125 0.00859375
6 0.046875 0.90078125 0.09296875 0.08828125
6 0.08046875 0.82578125 0.01640625 0.01796875
6 0.01953125 0.790625 0.01796875 0.01171875