3 0.4671875 0.43203125 0.3484375 0.2796875
8 0.22578125 0.19921875 0.02421875 0.028125
8 0.1625 0.7484375 0.01953125 0.01796875
6 0.94765625 0.72421875 0.08203125 0.01640625
6 0.72265625 0.68046875 0.0171875 0.0125
6 0.85625 0.7140625 0.03046875 0.009375
6 0.97109375 0.696875 0.01875 0.0109375
6 0.84765625 0.684375 0.0171875 0.0109375
6 0.80234375 0.62734375 0.01796875 0.01015625
6 0.86875 0.59765625 0.0171875 0.0125
6 0.675 0.66875 0.01875 0.0078125
6 0.925 0.49609375 0.0734375 0.04609375
6 0.81171875 0.46640625 0.0234375 0.01484375
6 0.2421875 0.50078125 0.0234375 0.0140625
8 0.1203125 0.01796875 0.03125 0.0203125