6 0.20859375 0.725 0.14140625 0.0875
6 0.109375 0.81796875 0.046875 0.0140625
6 0.59765625 0.75703125 0.0390625 0.028125
6 0.4984375 0.7765625 0.01953125 0.021875
6 0.41328125 0.78984375 0.02890625 0.01796875
6 0.3375 0.82265625 0.03046875 0.0171875
6 0.16015625 0.7828125 0.034375 0.0140625
6 0.2828125 0.89140625 0.04296875 0.021875
6 0.51328125 0.8234375 0.0609375 0.0140625
6 0.8375 0.7640625 0.025 0.028125
6 0.5546875 0.67734375 0.03203125 0.02734375
6 0.559375 0.5625 0.2703125 0.09453125
6 0.565625 0.5046875 0.0640625 0.03125
6 0.284375 0.590625 0.0640625 0.02578125
6 0.32578125 0.5109375 0.02890625 0.021875
6 0.1 0.43515625 0.03203125 0.0234375
6 0.12890625 0.1265625 0.071875 0.03515625
6 0.30859375 0.16484375 0.0375 0.01875
6 0.5578125 0.215625 0.05 0.03203125
6 0.6234375 0.08984375 0.0234375 0.0375
6 0.65234375 0.040625 0.05546875 0.034375
6 0.80625 0.4390625 0.04453125 0.0171875
6 0.0890625 0.97109375 0.05390625 0.0359375
6 0.4296875 0.9921875 0.0359375 0.01484375
8 0.87578125 0.84140625 0.0265625 0.025
8 0.42578125 0.7359375 0.0390625 0.02578125
8 0.52734375 0.47265625 0.06328125 0.03125
8 0.446875 0.46015625 0.0171875 0.0234375
8 0.56484375 0.38984375 0.0234375 0.01328125
8 0.60078125 0.32109375 0.03203125 0.01328125
6 0.31953125 0.4828125 0.03046875 0.00625
6 0.58125 0.4671875 0.02734375 0.0109375
6 0.5171875 0.621875 0.03515625 0.0078125
6 0.659375 0.703125 0.01640625 0.01171875
6 0.60390625 0.69375 0.0109375 0.0078125
6 0.46953125 0.71640625 0.01953125 0.0125