8 0.29140625 0.50234375 0.028125 0.02265625
8 0.5203125 0.596875 0.02734375 0.01015625
6 0.2109375 0.24453125 0.06484375 0.0109375
6 0.9265625 0.409375 0.05234375 0.01484375
6 0.50234375 0.45703125 0.0125 0.00859375
4 0.60390625 0.23046875 0.025 0.009375
6 0.5328125 0.1796875 0.0125 0.0109375
8 0.55546875 0.21953125 0.01171875 0.00859375
6 0.14140625 0.22734375 0.04921875 0.0203125
6 0.409375 0.09453125 0.02109375 0.01015625
8 0.6078125 0.0859375 0.01796875 0.00703125
6 0.80859375 0.09609375 0.0265625 0.01640625
8 0.80859375 0.1328125 0.0109375 0.0078125
6 0.93828125 0.584375 0.0484375 0.01484375