6 0.24296875 0.1859375 0.3109375 0.0578125
6 0.3421875 0.21171875 0.11953125 0.02421875
6 0.53515625 0.26875 0.06875 0.01484375
6 0.30078125 0.11796875 0.3265625 0.06953125
6 0.3265625 0.075 0.07890625 0.01875
6 0.3734375 0.0453125 0.05078125 0.0109375
6 0.31484375 0.03515625 0.109375 0.015625
6 0.275 0.02421875 0.05390625 0.0078125
6 0.246875 0.01640625 0.08828125 0.0125
6 0.17265625 0.40546875 0.0328125 0.015625
6 0.30703125 0.9234375 0.06640625 0.03359375
6 0.8453125 0.71171875 0.01328125 0.00625
6 0.7671875 0.64765625 0.015625 0.0078125
6 0.48125 0.53828125 0.015625 0.00625