6 0.15 0.703125 0.290625 0.2140625
6 0.0765625 0.6046875 0.153125 0.08828125
6 0.3015625 0.45546875 0.06875 0.046875
6 0.68125 0.428125 0.115625 0.07421875
6 0.42890625 0.37734375 0.0421875 0.04375
6 0.425 0.25078125 0.03671875 0.01796875
6 0.52421875 0.28203125 0.03359375 0.01796875
6 0.28203125 0.2203125 0.0265625 0.01796875
6 0.1734375 0.3015625 0.0671875 0.03125
6 0.1234375 0.3953125 0.0453125 0.025
6 0.08515625 0.4328125 0.03515625 0.02421875
6 0.73671875 0.52421875 0.0453125 0.03046875
6 0.46796875 0.92578125 0.03828125 0.0203125
6 0.66484375 0.9 0.05546875 0.0328125