6 0.60859375 0.50859375 0.07265625 0.0453125
6 0.62734375 0.53984375 0.021875 0.01171875
6 0.65 0.5296875 0.01171875 0.00859375
6 0.534375 0.55625 0.009375 0.0046875
6 0.53203125 0.54921875 0.01015625 0.00703125
6 0.5015625 0.51640625 0.01015625 0.0078125
6 0.4984375 0.5296875 0.00703125 0.00546875
6 0.609375 0.45390625 0.0109375 0.0078125
6 0.6328125 0.4625 0.01171875 0.00625
6 0.62109375 0.43125 0.01015625 0.00703125
6 0.65859375 0.45625 0.009375 0.00703125
6 0.78984375 0.46171875 0.0171875 0.01171875
6 0.7984375 0.4125 0.009375 0.00546875
6 0.54453125 0.4390625 0.00859375 0.00546875
6 0.5078125 0.39140625 0.009375 0.0046875
6 0.58515625 0.38359375 0.00546875 0.00703125
6 0.61015625 0.41953125 0.0109375 0.00546875
8 0.41953125 0.4 0.0515625 0.02265625
3 0.384375 0.40625 0.0265625 0.01484375
6 0.58359375 0.60078125 0.0078125 0.00859375
6 0.54765625 0.36875 0.01953125 0.009375
6 0.6 0.3078125 0.01015625 0.0109375
6 0.5625 0.2828125 0.00546875 0.00390625
6 0.69296875 0.63984375 0.0125 0.00859375
6 0.8453125 0.7265625 0.03984375 0.0171875
8 0.91328125 0.71640625 0.03203125 0.021875
6 0.74765625 0.70859375 0.0140625 0.00625
6 0.75546875 0.6953125 0.01015625 0.00703125
6 0.9203125 0.7359375 0.0109375 0.00859375
6 0.99609375 0.7328125 0.0078125 0.01015625
6 0.96171875 0.82421875 0.0125 0.00859375
6 0.7203125 0.709375 0.00859375 0.00703125
6 0.65390625 0.85 0.065625 0.0203125
6 0.11640625 0.91640625 0.0109375 0.00859375
6 0.01796875 0.7453125 0.01484375 0.01015625
6 0.52734375 0.25 0.009375 0.00546875
6 0.5296875 0.2296875 0.0125 0.009375
6 0.509375 0.2109375 0.0078125 0.00546875
6 0.37421875 0.21171875 0.00703125 0.00546875