6 0.371875 0.67265625 0.44296875 0.246875
6 0.47421875 0.84609375 0.225 0.15859375
6 0.6859375 0.81484375 0.1921875 0.17578125
6 0.903125 0.6765625 0.13203125 0.078125
6 0.93984375 0.7546875 0.09765625 0.07578125
6 0.87109375 0.82421875 0.109375 0.18515625
6 0.9515625 0.91484375 0.096875 0.0671875
6 0.85625 0.96953125 0.084375 0.0609375
6 0.4859375 0.17734375 0.04296875 0.0546875
6 0.51015625 0.2296875 0.0578125 0.06328125
6 0.5046875 0.37109375 0.0859375 0.11640625
6 0.61171875 0.31328125 0.05625 0.0359375
6 0.57578125 0.340625 0.053125 0.06328125
6 0.62265625 0.121875 0.0515625 0.05234375
6 0.5828125 0.15546875 0.0515625 0.04609375
6 0.60078125 0.22109375 0.1140625 0.12890625
8 0.2875 0.41953125 0.015625 0.015625
8 0.2859375 0.37734375 0.0125 0.00859375