8 0.8171875 0.56328125 0.18125 0.05546875
8 0.9578125 0.9828125 0.0390625 0.01640625
8 0.79609375 0.92734375 0.01640625 0.009375
8 0.7625 0.97421875 0.015625 0.0078125
6 0.89921875 0.93203125 0.01875 0.009375
8 0.68984375 0.79375 0.01796875 0.01171875
6 0.65703125 0.7640625 0.0171875 0.01015625
6 0.18125 0.7515625 0.025 0.0171875
6 0.5375 0.85078125 0.01328125 0.0171875
8 0.61953125 0.88359375 0.01796875 0.009375
8 0.6921875 0.9 0.01640625 0.015625
8 0.946875 0.8359375 0.01640625 0.01171875
8 0.85625 0.81953125 0.0140625 0.009375
8 0.96796875 0.81484375 0.0140625 0.00703125