6 0.25390625 0.6109375 0.23515625 0.14921875
8 0.2046875 0.9015625 0.1015625 0.0578125
8 0.115625 0.81640625 0.05390625 0.02734375
6 0.1671875 0.75859375 0.07265625 0.04296875
8 0.88359375 0.2109375 0.01796875 0.0203125
6 0.8703125 0.71015625 0.0265625 0.01953125
6 0.734375 0.83515625 0.10546875 0.05078125
6 0.7046875 0.93203125 0.06875 0.02890625
6 0.80390625 0.9171875 0.02421875 0.021875
6 0.9453125 0.9296875 0.0390625 0.02890625
6 0.8765625 0.875 0.02109375 0.015625
6 0.84375 0.95625 0.02421875 0.028125