6 0.78984375 0.8078125 0.25703125 0.17109375
6 0.5390625 0.746875 0.06953125 0.0390625
6 0.61171875 0.7125 0.0703125 0.0109375
6 0.6265625 0.69609375 0.07265625 0.0140625
6 0.475 0.73671875 0.01328125 0.0109375
6 0.70625 0.728125 0.075 0.040625
6 0.8859375 0.578125 0.0796875 0.025
6 0.7390625 0.60625 0.19921875 0.09921875
6 0.76484375 0.5453125 0.09921875 0.01171875
6 0.775 0.47890625 0.0796875 0.0171875
8 0.65546875 0.546875 0.0140625 0.00625
8 0.6671875 0.53203125 0.0140625 0.009375
6 0.58203125 0.63203125 0.025 0.01171875
6 0.63125 0.52265625 0.02578125 0.00703125
6 0.60703125 0.53671875 0.01328125 0.0109375
6 0.77421875 0.43671875 0.059375 0.09453125
6 0.74140625 0.3921875 0.01484375 0.01328125
6 0.79609375 0.36953125 0.065625 0.05859375
6 0.69765625 0.4 0.0640625 0.04140625
6 0.66015625 0.41328125 0.06875 0.071875
6 0.7046875 0.46953125 0.1828125 0.084375
6 0.64765625 0.51015625 0.021875 0.015625
6 0.67265625 0.484375 0.025 0.01015625
6 0.5890625 0.471875 0.0640625 0.015625
8 0.5546875 0.36875 0.0328125 0.0140625
8 0.46640625 0.38515625 0.02109375 0.01328125
6 0.46484375 0.415625 0.00859375 0.0046875
6 0.2703125 0.36640625 0.121875 0.01953125
6 0.31171875 0.31796875 0.04453125 0.00703125
6 0.40078125 0.321875 0.03515625 0.02109375
6 0.3125 0.28828125 0.0046875 0.00390625
6 0.303125 0.2890625 0.00625 0.00390625
6 0.30546875 0.2953125 0.00859375 0.0046875
6 0.25078125 0.2625 0.00703125 0.003125
6 0.4984375 0.228125 0.0265625 0.009375
8 0.5109375 0.21796875 0.01015625 0.00390625
6 0.4578125 0.23984375 0.00625 0.00390625
6 0.4625 0.22421875 0.00859375 0.003125
6 0.44765625 0.24296875 0.00546875 0.003125
6 0.4734375 0.18203125 0.0125 0.0265625
8 0.2234375 0.13828125 0.00859375 0.00546875
6 0.25234375 0.18203125 0.0328125 0.00625
6 0.1203125 0.1796875 0.00859375 0.0046875
6 0.14921875 0.16796875 0.00546875 0.00546875
6 0.2734375 0.159375 0.009375 0.00390625
6 0.23359375 0.19765625 0.00703125 0.003125
6 0.34921875 0.13046875 0.00703125 0.003125
6 0.36875 0.1234375 0.00390625 0.00390625
6 0.43984375 0.12421875 0.00625 0.00390625
6 0.48828125 0.11171875 0.00625 0.0046875
6 0.515625 0.08671875 0.0046875 0.003125
6 0.52578125 0.084375 0.0078125 0.00390625
6 0.8578125 0.02109375 0.065625 0.0421875
6 0.596875 0.37734375 0.06015625 0.0359375
8 0.08125 0.42734375 0.01015625 0.00546875
6 0.140625 0.48203125 0.00625 0.0078125
6 0.0046875 0.534375 0.009375 0.00625
6 0.121875 0.54921875 0.021875 0.009375
6 0.09453125 0.53984375 0.00703125 0.0046875
6 0.06015625 0.46796875 0.00859375 0.0046875
6 0.0515625 0.93984375 0.1 0.0921875
6 0.05546875 0.99140625 0.1109375 0.0171875
6 0.1703125 0.89609375 0.03046875 0.01640625
6 0.45390625 0.80625 0.0171875 0.028125
6 0.4546875 0.759375 0.0109375 0.003125
6 0.46328125 0.759375 0.0078125 0.00546875
6 0.38203125 0.73828125 0.00859375 0.00703125
6 0.30703125 0.728125 0.01328125 0.00546875
6 0.3609375 0.76875 0.00703125 0.0078125
6 0.47578125 0.715625 0.0078125 0.0046875
6 0.3890625 0.7109375 0.00703125 0.00625
6 0.56796875 0.70546875 0.003125 0.0046875
6 0.56640625 0.715625 0.00703125 0.0046875
6 0.40390625 0.68125 0.02890625 0.0078125
6 0.68203125 0.66875 0.00546875 0.0046875
6 0.746875 0.70703125 0.00703125 0.00625
6 0.70546875 0.7125 0.0203125 0.00703125
6 0.7046875 0.54453125 0.00703125 0.00546875
6 0.33203125 0.71875 0.00703125 0.003125
6 0.32265625 0.690625 0.00625 0.003125
6 0.40390625 0.61796875 0.0109375 0.00625
6 0.36328125 0.6109375 0.00625 0.00625
6 0.36796875 0.5828125 0.021875 0.003125