6 0.9671875 0.9 0.0171875 0.01484375
6 0.69765625 0.29765625 0.04375 0.03984375
6 0.8703125 0.31796875 0.05234375 0.0109375
6 0.896875 0.34296875 0.02421875 0.00546875
6 0.9078125 0.365625 0.0171875 0.003125
6 0.6953125 0.36171875 0.00546875 0.003125
6 0.7125 0.340625 0.00546875 0.003125
6 0.50703125 0.27890625 0.021875 0.00859375
6 0.23671875 0.30546875 0.08671875 0.01328125
8 0.21953125 0.25625 0.0234375 0.0109375
6 0.10234375 0.2453125 0.01015625 0.00546875
8 0.09765625 0.11015625 0.009375 0.003125
8 0.0578125 0.05 0.00625 0.003125
8 0.25859375 0.053125 0.01640625 0.00234375
8 0.73046875 0.2546875 0.028125 0.01328125
6 0.6453125 0.2328125 0.0109375 0.00390625
6 0.934375 0.24296875 0.05 0.00625
6 0.91484375 0.25390625 0.0296875 0.00625
8 0.390625 0.1671875 0.01796875 0.003125
6 0.3859375 0.16953125 0.04453125 0.01875
8 0.33203125 0.15546875 0.01796875 0.0046875
6 0.65078125 0.73984375 0.01015625 0.00546875