6 0.0875 0.6625 0.175 0.271875
6 0.17890625 0.409375 0.065625 0.05546875
6 0.30859375 0.33359375 0.03828125 0.0375
6 0.5625 0.415625 0.0875 0.06796875
6 0.59609375 0.5390625 0.046875 0.0328125
6 0.51640625 0.878125 0.05546875 0.04296875
6 0.040625 0.271875 0.040625 0.02421875
6 0.28515625 0.21640625 0.02890625 0.0375
6 0.4234375 0.09296875 0.03671875 0.025
6 0.4796875 0.08984375 0.03828125 0.01484375
6 0.3875 0.075 0.025 0.0140625
6 0.38125 0.24375 0.07421875 0.01640625
6 0.1359375 0.17890625 0.04375 0.025
6 0.3359375 0.51796875 0.03046875 0.02734375
6 0.35078125 0.8921875 0.03671875 0.0375
6 0.3125 0.65546875 0.04375 0.025
6 0.5453125 0.46171875 0.03828125 0.03671875
6 0.13671875 0.38359375 0.03515625 0.02890625
6 0.12578125 0.596875 0.05078125 0.02890625