8 0.72265625 0.5515625 0.02421875 0.0484375
6 0.69375 0.4953125 0.015625 0.01484375
6 0.0984375 0.36328125 0.0171875 0.0234375
8 0.12421875 0.375 0.0109375 0.00625
6 0.11640625 0.34140625 0.01640625 0.00546875
6 0.06796875 0.3078125 0.01796875 0.01015625
6 0.36640625 0.89765625 0.04296875 0.01796875
6 0.46328125 0.83828125 0.00703125 0.009375
6 0.075 0.94921875 0.0234375 0.01796875
6 0.06484375 0.8921875 0.0078125 0.00390625
6 0.203125 0.90078125 0.00625 0.00703125
6 0.15390625 0.88359375 0.00859375 0.01015625
6 0.021875 0.8890625 0.009375 0.00859375
7 0.00390625 0.96484375 0.00703125 0.00859375
6 0.96171875 0.76328125 0.03046875 0.01640625
6 0.88515625 0.76015625 0.0265625 0.0125