8 0.44453125 0.84140625 0.053125 0.02890625
6 0.37109375 0.81015625 0.04921875 0.053125
6 0.13984375 0.6984375 0.20625 0.1171875
8 0.19609375 0.68984375 0.04609375 0.0328125
6 0.6296875 0.66171875 0.31875 0.1921875
6 0.09609375 0.54375 0.028125 0.025
6 0.12421875 0.55 0.04375 0.02109375
6 0.4453125 0.54921875 0.01796875 0.0265625
6 0.465625 0.525 0.0203125 0.01640625
6 0.43125 0.425 0.021875 0.03046875
6 0.421875 0.4453125 0.02265625 0.01171875
6 0.4828125 0.42421875 0.0171875 0.0109375
6 0.5125 0.4421875 0.01328125 0.0109375
6 0.64609375 0.48359375 0.01015625 0.0109375
6 0.68046875 0.5078125 0.01328125 0.01015625
6 0.790625 0.3984375 0.05625 0.03359375
6 0.9390625 0.38671875 0.02109375 0.0140625
6 0.928125 0.39453125 0.0078125 0.009375
6 0.97890625 0.43359375 0.04140625 0.05625
6 0.93828125 0.3375 0.01484375 0.0125
6 0.8890625 0.31015625 0.02109375 0.01171875
6 0.9484375 0.28828125 0.103125 0.01171875
8 0.8328125 0.21171875 0.01484375 0.0171875
6 0.675 0.30546875 0.01171875 0.0125
8 0.53046875 0.26328125 0.0234375 0.0171875
6 0.70859375 0.13671875 0.02734375 0.0125
6 0.67265625 0.125 0.0125 0.00703125
8 0.5671875 0.08125 0.021875 0.01796875
6 0.70078125 0.0484375 0.03671875 0.01484375
6 0.51015625 0.34140625 0.021875 0.01640625
6 0.259375 0.23359375 0.02109375 0.01640625
6 0.57109375 0.4046875 0.0203125 0.0140625
6 0.73203125 0.346875 0.01484375 0.015625
6 0.84296875 0.35 0.0125 0.01171875
6 0.44609375 0.6328125 0.01640625 0.0125
6 0.0703125 0.80234375 0.0265625 0.01484375
8 0.63359375 0.52890625 0.0328125 0.015625
8 0.49453125 0.4828125 0.025 0.015625
6 0.26484375 0.078125 0.01640625 0.0203125