6 0.45546875 0.496875 0.9109375 0.5609375
6 0.14375 0.87109375 0.28671875 0.2578125
6 0.95859375 0.675 0.04375 0.05546875
6 0.7921875 0.81484375 0.20546875 0.1015625
6 0.94765625 0.81953125 0.10390625 0.1015625
6 0.97890625 0.80234375 0.03125 0.03984375
6 0.890625 0.7359375 0.0328125 0.0265625
8 0.2671875 0.81875 0.03515625 0.03046875
8 0.1765625 0.778125 0.03671875 0.03203125
8 0.165625 0.78203125 0.02109375 0.0125
8 0.14609375 0.8921875 0.06015625 0.02578125
8 0.3953125 0.39296875 0.02734375 0.03046875
8 0.25234375 0.2625 0.02109375 0.01484375
6 0.04140625 0.2703125 0.0234375 0.0421875
8 0.10078125 0.30859375 0.0171875 0.01015625
6 0.7953125 0.1578125 0.17109375 0.0296875
6 0.85859375 0.1921875 0.0234375 0.01015625
6 0.7421875 0.13984375 0.01328125 0.0078125
6 0.84921875 0.11953125 0.01015625 0.00546875
6 0.80078125 0.096875 0.01875 0.01328125
8 0.02109375 0.24296875 0.0125 0.00546875
8 0.3625 0.7953125 0.03671875 0.02265625
8 0.42109375 0.7546875 0.028125 0.02578125
8 0.4484375 0.8171875 0.02578125 0.03046875