6 0.4625 0.45703125 0.215625 0.01953125
6 0.36796875 0.44609375 0.01953125 0.0125
8 0.4 0.44375 0.01796875 0.01875
6 0.62578125 0.51328125 0.02421875 0.02109375
6 0.42421875 0.70078125 0.0359375 0.01796875
6 0.453125 0.7484375 0.02109375 0.01171875
6 0.721875 0.77109375 0.0296875 0.0203125
6 0.36015625 0.68125 0.021875 0.0125
6 0.26875 0.6765625 0.01953125 0.01171875
6 0.12578125 0.44453125 0.0203125 0.0140625
6 0.80234375 0.55 0.01796875 0.0140625
6 0.96875 0.49453125 0.0140625 0.0125
6 0.69296875 0.375 0.01875 0.0125
6 0.8015625 0.31015625 0.01875 0.01171875
6 0.746875 0.4671875 0.0171875 0.0125
6 0.83515625 0.1703125 0.053125 0.01640625
8 0.8421875 0.140625 0.015625 0.01796875
6 0.90859375 0.8859375 0.01953125 0.01796875
6 0.9921875 0.97578125 0.01484375 0.01953125
8 0.95390625 0.996875 0.0328125 0.00625