6 0.5875 0.5984375 0.02109375 0.0109375
6 0.61171875 0.4625 0.01484375 0.00703125
6 0.49453125 0.48046875 0.01796875 0.0078125
6 0.2140625 0.70390625 0.01171875 0.01015625
6 0.19453125 0.82890625 0.00859375 0.00703125
6 0.34375 0.98359375 0.01171875 0.00703125
6 0.28671875 0.96015625 0.003125 0.0046875
6 0.2140625 0.92109375 0.00625 0.00390625
6 0.4703125 0.93671875 0.04296875 0.01953125
6 0.74296875 0.91328125 0.02578125 0.01484375
6 0.71328125 0.93515625 0.009375 0.01015625
6 0.6375 0.9828125 0.01484375 0.0078125
6 0.91015625 0.58671875 0.0109375 0.0109375