8 0.4375 0.41796875 0.04609375 0.02109375
6 0.21640625 0.52890625 0.071875 0.03359375
6 0.6453125 0.3125 0.0328125 0.0140625
6 0.15078125 0.2640625 0.015625 0.01640625
6 0.37734375 0.29375 0.01484375 0.01015625
6 0.5296875 0.30078125 0.0390625 0.01015625
6 0.6796875 0.2578125 0.0515625 0.00859375
6 0.3328125 0.29296875 0.0140625 0.0140625
6 0.26796875 0.2890625 0.01484375 0.01015625
6 0.52109375 0.11875 0.015625 0.00625
6 0.34453125 0.08125 0.009375 0.0109375
6 0.22109375 0.18984375 0.02734375 0.00859375
6 0.15546875 0.2875 0.015625 0.0078125
6 0.17578125 0.27109375 0.0140625 0.01015625
6 0.4453125 0.496875 0.028125 0.0109375
2 0.29609375 0.47890625 0.025 0.009375
8 0.20625 0.4703125 0.0140625 0.00625
8 0.4421875 0.43984375 0.02734375 0.0125
6 0.025 0.5734375 0.015625 0.01015625
6 0.0078125 0.5390625 0.0109375 0.0046875
6 0.0296875 0.4703125 0.0125 0.00859375
6 0.03671875 0.51015625 0.01328125 0.0078125
6 0.13046875 0.50546875 0.01328125 0.00859375
6 0.15859375 0.48046875 0.03203125 0.00546875
6 0.496875 0.80234375 0.015625 0.0140625
6 0.5421875 0.7734375 0.0203125 0.01484375
6 0.83203125 0.90234375 0.065625 0.03984375
6 0.71640625 0.83828125 0.025 0.0125
6 0.46640625 0.728125 0.01875 0.0140625
6 0.165625 0.9359375 0.02109375 0.0078125
6 0.50078125 0.475 0.01171875 0.00703125
6 0.44609375 0.3671875 0.01875 0.01328125
6 0.46796875 0.3453125 0.03125 0.02109375
6 0.78984375 0.14765625 0.01953125 0.01015625
6 0.309375 0.43671875 0.01875 0.0078125
6 0.340625 0.43828125 0.0140625 0.009375