8 0.60078125 0.47890625 0.06484375 0.05078125
6 0.04375 0.3984375 0.04453125 0.06171875
6 0.47421875 0.221875 0.0296875 0.025
6 0.41171875 0.25625 0.01953125 0.01640625
6 0.459375 0.26796875 0.0265625 0.01953125
6 0.559375 0.2203125 0.0609375 0.04375
6 0.52421875 0.4234375 0.0625 0.0484375
6 0.21953125 0.66328125 0.0328125 0.03203125
6 0.3078125 0.81171875 0.04296875 0.04609375
6 0.07578125 0.30390625 0.03984375 0.025
6 0.10859375 0.31484375 0.01484375 0.02265625
6 0.1890625 0.16640625 0.04453125 0.02578125
6 0.4515625 0.13125 0.04921875 0.02265625
6 0.48046875 0.0203125 0.025 0.01328125
6 0.49453125 0.0390625 0.0234375 0.01640625
6 0.71875 0.221875 0.01796875 0.03203125
6 0.73046875 0.5453125 0.0328125 0.03125
6 0.7109375 0.421875 0.0328125 0.0375
6 0.61640625 0.384375 0.03671875 0.01484375
6 0.8203125 0.54453125 0.0265625 0.034375
6 0.04765625 0.02578125 0.0625 0.03203125