6 0.5 0.48828125 1 0.9765625
6 0.59453125 0.34296875 0.8109375 0.55859375
7 0.9078125 0.42890625 0.10625 0.04921875
8 0.646875 0.5 0.0296875 0.02578125
8 0.6828125 0.53671875 0.03125 0.05
9 0.42421875 0.571875 0.0390625 0.034375
8 0.36953125 0.4703125 0.03515625 0.0265625
8 0.40625 0.38828125 0.0328125 0.0203125
8 0.434375 0.41875 0.04921875 0.01875
8 0.54296875 0.35546875 0.071875 0.02578125
7 0.51953125 0.41171875 0.02265625 0.025
8 0.62421875 0.24375 0.03828125 0.0421875
7 0.66328125 0.24375 0.05 0.02109375
7 0.78359375 0.2328125 0.03515625 0.02421875
7 0.43984375 0.24609375 0.03359375 0.01875
3 0.54921875 0.28203125 0.05390625 0.0265625
8 0.490625 0.2515625 0.0703125 0.01875
8 0.48515625 0.21953125 0.0328125 0.0265625
8 0.1234375 0.221875 0.065625 0.02890625
6 0.15859375 0.06328125 0.1046875 0.04296875
6 0.2578125 0.71171875 0.29765625 0.034375
6 0.359375 0.6421875 0.12421875 0.0671875
8 0.75078125 0.8125 0.0796875 0.03203125
6 0.71875 0.77890625 0.5625 0.21640625
8 0.621875 0.025 0.03125 0.02578125
8 0.91484375 0.05546875 0.07265625 0.01640625
6 0.253125 0.1015625 0.13671875 0.1140625
8 0.3578125 0.1421875 0.0171875 0.0125