6 0.5125 0.68046875 0.1625 0.053125
6 0.53671875 0.6859375 0.04296875 0.0359375
8 0.578125 0.6890625 0.015625 0.00625
8 0.58984375 0.68984375 0.0046875 0.0046875
6 0.3609375 0.63515625 0.01328125 0.0078125
1 0.665625 0.596875 0.06328125 0.028125
7 0.69375 0.590625 0.0171875 0.01015625
6 0.6875 0.603125 0.06640625 0.0234375
8 0.60625 0.5765625 0.00546875 0.0046875
8 0.7265625 0.5765625 0.00546875 0.00390625
6 0.7453125 0.60390625 0.015625 0.01015625
6 0.75546875 0.63671875 0.00859375 0.01171875
6 0.70390625 0.6140625 0.003125 0.00234375
6 0.5578125 0.54609375 0.065625 0.02265625
8 0.63046875 0.52578125 0.00546875 0.003125
6 0.65625 0.54765625 0.0046875 0.00234375
8 0.71640625 0.77265625 0.0109375 0.00546875
8 0.934375 0.8609375 0.009375 0.0078125
6 0.38046875 0.9765625 0.02421875 0.01015625
3 0.290625 0.2453125 0.04765625 0.01953125
6 0.02421875 0.278125 0.0484375 0.02265625
6 0.1453125 0.23828125 0.028125 0.009375
8 0.09609375 0.15390625 0.009375 0.00546875
8 0.08828125 0.12265625 0.0125 0.0046875
6 0.584375 0.090625 0.46640625 0.075
8 0.7046875 0.24453125 0.01484375 0.00625
6 0.69296875 0.19609375 0.009375 0.00546875
8 0.81328125 0.23203125 0.0078125 0.00625
6 0.915625 0.240625 0.040625 0.01015625
6 0.25390625 0.04921875 0.0359375 0.01328125
6 0.13125 0.0109375 0.13671875 0.0171875
6 0.16796875 0.034375 0.0109375 0.00703125
8 0.1765625 0.03359375 0.0078125 0.00390625
8 0.1796875 0.0296875 0.00546875 0.00390625
8 0.5328125 0.1125 0.0125 0.00546875
8 0.47578125 0.1015625 0.01875 0.00703125
8 0.44140625 0.1078125 0.0078125 0.00546875
8 0.7859375 0.0921875 0.00859375 0.00234375