6 0.26484375 0.73359375 0.109375 0.05625
6 0.15 0.60859375 0.01796875 0.0125
6 0.1953125 0.6015625 0.0109375 0.00703125
6 0.634375 0.63671875 0.01015625 0.00703125
8 0.071875 0.7765625 0.03671875 0.05
8 0.490625 0.71953125 0.015625 0.01328125
6 0.665625 0.4828125 0.04453125 0.034375
6 0.62265625 0.4109375 0.16015625 0.0484375
6 0.4328125 0.459375 0.0125 0.0109375
6 0.52265625 0.44453125 0.01171875 0.009375
6 0.453125 0.3328125 0.01640625 0.00859375
6 0.484375 0.36953125 0.07265625 0.06796875
6 0.40078125 0.30703125 0.02890625 0.03125
6 0.44140625 0.24296875 0.01328125 0.0125
6 0.428125 0.2453125 0.01171875 0.009375
6 0.4671875 0.2359375 0.05390625 0.03359375
6 0.3578125 0.15546875 0.01796875 0.00703125
6 0.35625 0.146875 0.0125 0.00625
6 0.43359375 0.0875 0.0125 0.00859375
6 0.328125 0.05546875 0.00859375 0.00546875
6 0.17421875 0.03046875 0.009375 0.00625
6 0.14453125 0.0296875 0.01328125 0.00390625
6 0.2328125 0.05859375 0.0078125 0.003125
6 0.13125 0.03046875 0.0125 0.00625
6 0.08203125 0.02265625 0.0109375 0.0046875
6 0.08984375 0.0109375 0.0078125 0.00390625
8 0.75703125 0.3109375 0.0125 0.00625
6 0.85625 0.52578125 0.015625 0.00859375
8 0.946875 0.52890625 0.01484375 0.0109375
8 0.89453125 0.55390625 0.0140625 0.00703125
6 0.18515625 0.4046875 0.015625 0.01015625
6 0.15703125 0.3546875 0.02421875 0.0234375
6 0.134375 0.32578125 0.01796875 0.009375
6 0.27421875 0.3109375 0.03125 0.0140625
6 0.31953125 0.23515625 0.0140625 0.0078125
6 0.54609375 0.540625 0.0171875 0.0109375