6 0.35546875 0.6828125 0.175 0.1125
6 0.50703125 0.41796875 0.29921875 0.059375
6 0.640625 0.23671875 0.04140625 0.025
6 0.67421875 0.5375 0.03984375 0.02109375
6 0.66328125 0.46640625 0.04296875 0.0171875
6 0.7515625 0.44609375 0.03828125 0.02734375
6 0.7625 0.4984375 0.04296875 0.025
6 0.784375 0.54609375 0.03828125 0.02890625
6 0.90546875 0.703125 0.07734375 0.046875
6 0.7078125 0.93125 0.171875 0.03203125
8 0.65390625 0.93671875 0.03828125 0.02890625
8 0.60546875 0.58203125 0.04296875 0.02109375
9 0.0359375 0.07890625 0.0546875 0.02109375
6 0.0796875 0.1890625 0.059375 0.02109375
6 0.21171875 0.1546875 0.03671875 0.02578125
6 0.30234375 0.3890625 0.04296875 0.05078125
6 0.49609375 0.36875 0.05625 0.02109375
6 0.27421875 0.54921875 0.06640625 0.03203125
6 0.19375 0.4578125 0.03984375 0.0171875
6 0.26015625 0.4671875 0.025 0.02109375
6 0.5453125 0.46328125 0.05625 0.0359375
6 0.65625 0.6234375 0.0265625 0.02109375
6 0.69140625 0.57734375 0.04296875 0.02890625
6 0.66640625 0.69375 0.03671875 0.02890625
6 0.23671875 0.2890625 0.03984375 0.025
6 0.16171875 0.34375 0.04296875 0.025
6 0.2796875 0.234375 0.04921875 0.0375
6 0.0265625 0.03828125 0.053125 0.03984375