8 0.31171875 0.6609375 0.0203125 0.01015625
6 0.196875 0.66640625 0.028125 0.0078125
6 0.15546875 0.63984375 0.01171875 0.003125
8 0.31640625 0.27109375 0.0171875 0.00703125
6 0.66328125 0.46875 0.01171875 0.00703125
6 0.65703125 0.5171875 0.00703125 0.003125
6 0.66171875 0.51875 0.00703125 0.003125
6 0.7171875 0.640625 0.034375 0.015625
6 0.82421875 0.6671875 0.01328125 0.00859375
6 0.784375 0.5875 0.00859375 0.01015625
6 0.7484375 0.578125 0.00625 0.0046875
6 0.4859375 0.64609375 0.0078125 0.00625