6 0.52265625 0.4765625 0.11015625 0.10703125
6 0.46640625 0.540625 0.01328125 0.01328125
6 0.51640625 0.64140625 0.01953125 0.0578125
6 0.24375 0.74921875 0.02109375 0.02265625
6 0.28828125 0.86484375 0.01328125 0.01640625
8 0.31015625 0.98046875 0.01953125 0.009375
6 0.39609375 0.54609375 0.01796875 0.015625
6 0.43984375 0.67109375 0.015625 0.01015625
6 0.478125 0.73125 0.0125 0.0234375
6 0.5546875 0.684375 0.0125 0.0125
6 0.62421875 0.6625 0.01640625 0.0140625
6 0.6140625 0.7953125 0.01328125 0.0125
6 0.5453125 0.81328125 0.01328125 0.0140625
6 0.50859375 0.0171875 0.01875 0.01796875
6 0.4390625 0.125 0.0171875 0.01328125