6 0.49140625 0.43984375 0.16875 0.0578125
6 0.68359375 0.6765625 0.22578125 0.1109375
6 0.5078125 0.61640625 0.05546875 0.03046875
6 0.14921875 0.64296875 0.04296875 0.0203125
8 0.34921875 0.4171875 0.053125 0.028125
6 0.52578125 0.284375 0.0765625 0.0234375
6 0.58828125 0.25078125 0.0390625 0.021875
6 0.23203125 0.25546875 0.0453125 0.01484375
6 0.22734375 0.18828125 0.03203125 0.02421875
6 0.29140625 0.403125 0.0203125 0.01640625
6 0.21953125 0.41171875 0.0390625 0.01484375
8 0.084375 0.55078125 0.03984375 0.021875
6 0.02421875 0.3953125 0.03359375 0.02421875
6 0.16328125 0.31796875 0.03984375 0.01484375
6 0.1078125 0.19765625 0.0375 0.01640625