6 0.5828125 0.4578125 0.16171875 0.10703125
8 0.6328125 0.4875 0.01640625 0.01171875
6 0.7890625 0.36171875 0.07265625 0.05078125
6 0.803125 0.41015625 0.0671875 0.0421875
6 0.86796875 0.4109375 0.05546875 0.05390625
6 0.7359375 0.43046875 0.0546875 0.04296875
6 0.7703125 0.475 0.04921875 0.06875
6 0.8265625 0.5265625 0.034375 0.02578125
6 0.73203125 0.60859375 0.12890625 0.103125
6 0.396875 0.5078125 0.14140625 0.0921875
8 0.4484375 0.475 0.01484375 0.01171875
6 0.1640625 0.5375 0.0625 0.04765625
6 0.240625 0.36796875 0.35859375 0.1828125
5 0.21328125 0.4078125 0.02890625 0.01484375
3 0.31640625 0.31640625 0.02109375 0.0078125
8 0.30390625 0.321875 0.0109375 0.00625
6 0.30625 0.0171875 0.0515625 0.034375
6 0.38125 0.02421875 0.028125 0.0484375
6 0.43515625 0.01640625 0.07109375 0.0328125
8 0.4609375 0.02265625 0.00859375 0.00703125
6 0.4265625 0.0703125 0.04375 0.02734375
6 0.3953125 0.0921875 0.01875 0.0203125
6 0.39453125 0.109375 0.02265625 0.01953125
6 0.33203125 0.13203125 0.04296875 0.07265625
6 0.15 0.14765625 0.3 0.2015625
8 0.10078125 0.175 0.0125 0.01328125
3 0.1078125 0.15859375 0.02421875 0.015625
8 0.1265625 0.16171875 0.02109375 0.00703125
8 0.11171875 0.16796875 0.02578125 0.00703125
8 0.071875 0.1609375 0.01953125 0.01171875
9 0.0890625 0.13671875 0.01171875 0.00625
8 0.01171875 0.11328125 0.01328125 0.00859375