8 0.57578125 0.64453125 0.0296875 0.021875
6 0.60859375 0.66796875 0.00859375 0.0046875
8 0.71875 0.675 0.0109375 0.00703125
6 0.4671875 0.66484375 0.01015625 0.00625
6 0.51484375 0.61171875 0.00703125 0.0046875
6 0.55234375 0.57109375 0.0078125 0.00390625
6 0.38359375 0.63125 0.009375 0.0046875
6 0.3890625 0.6328125 0.0046875 0.00390625
6 0.4234375 0.65859375 0.00390625 0.003125
6 0.36328125 0.571875 0.00703125 0.0046875
6 0.3375 0.6140625 0.00625 0.00390625
6 0.3109375 0.52109375 0.00703125 0.00390625
6 0.6296875 0.6203125 0.00703125 0.00625
6 0.78828125 0.665625 0.00703125 0.0046875
6 0.82109375 0.72890625 0.00625 0.0046875
6 0.56640625 0.74140625 0.0203125 0.01484375
6 0.546875 0.7953125 0.00703125 0.00390625
6 0.52109375 0.78828125 0.00546875 0.00546875
8 0.78203125 0.7546875 0.01484375 0.01484375
6 0.51640625 0.7546875 0.0046875 0.0046875
6 0.42578125 0.35625 0.01953125 0.01015625
6 0.43671875 0.3125 0.0046875 0.0046875
6 0.4484375 0.3171875 0.0046875 0.0046875
6 0.38984375 0.29765625 0.00546875 0.0046875
6 0.47578125 0.2125 0.00390625 0.0046875
6 0.46015625 0.2140625 0.00546875 0.0046875
6 0.44921875 0.20859375 0.00625 0.0046875
6 0.45 0.2046875 0.00546875 0.0046875
6 0.39140625 0.13046875 0.01640625 0.00546875
6 0.3515625 0.096875 0.00625 0.00390625
6 0.3421875 0.084375 0.009375 0.00390625
6 0.278125 0.003125 0.00703125 0.00390625
6 0.32421875 0.02265625 0.0078125 0.00625
6 0.42734375 0.053125 0.01171875 0.0078125
2 0.44140625 0.00546875 0.01953125 0.01015625
8 0.6109375 0.1140625 0.01875 0.00703125
6 0.6 0.00234375 0.0203125 0.00390625
6 0.70625 0.121875 0.025 0.00625
6 0.7421875 0.09140625 0.0078125 0.0046875
6 0.7140625 0.14296875 0.00546875 0.00625
6 0.7890625 0.10546875 0.0109375 0.0078125
6 0.69609375 0.203125 0.0109375 0.0078125
6 0.68671875 0.21328125 0.0046875 0.00390625
6 0.69140625 0.20859375 0.00625 0.00390625
6 0.6828125 0.21953125 0.0046875 0.00234375
6 0.696875 0.21640625 0.00546875 0.00234375
6 0.70078125 0.21796875 0.003125 0.0015625
6 0.68125 0.17734375 0.00625 0.00234375
6 0.6578125 0.24375 0.0046875 0.00234375
6 0.67890625 0.23671875 0.00390625 0.00234375
6 0.69609375 0.228125 0.00546875 0.003125
6 0.7203125 0.18828125 0.00546875 0.0046875
6 0.5859375 0.159375 0.00703125 0.00234375
6 0.57421875 0.1703125 0.00625 0.003125
6 0.584375 0.221875 0.00703125 0.003125
8 0.62734375 0.28828125 0.01171875 0.00625
8 0.675 0.28046875 0.00546875 0.003125
8 0.6328125 0.31875 0.00546875 0.003125
6 0.8265625 0.3109375 0.00625 0.00390625
6 0.80546875 0.31328125 0.0078125 0.003125
6 0.971875 0.13515625 0.0265625 0.02109375
6 0.99140625 0.38359375 0.01171875 0.01171875
6 0.86796875 0.43046875 0.015625 0.00546875
6 0.66640625 0.43515625 0.01328125 0.00703125
6 0.69296875 0.44296875 0.01015625 0.0046875
6 0.66953125 0.46171875 0.0078125 0.00390625
6 0.71640625 0.46484375 0.015625 0.02265625
6 0.72109375 0.484375 0.00703125 0.003125
6 0.2171875 0.5296875 0.01015625 0.00625
6 0.2609375 0.62890625 0.00703125 0.00625
6 0.26875 0.60703125 0.00859375 0.00703125
6 0.3625 0.6140625 0.01484375 0.00546875
6 0.3140625 0.6171875 0.0109375 0.00703125
6 0.284375 0.61328125 0.00546875 0.01171875
6 0.22890625 0.45546875 0.0140625 0.00703125
6 0.1765625 0.31328125 0.03515625 0.0140625
8 0.13125 0.28203125 0.0328125 0.01875
6 0.15859375 0.2125 0.00546875 0.00390625
6 0.04140625 0.16796875 0.00625 0.00234375
8 0.1328125 0.68125 0.0296875 0.01328125
6 0.0703125 0.7203125 0.00546875 0.003125
6 0.4875 0.834375 0.00859375 0.00859375
6 0.04375 0.5609375 0.0203125 0.01171875
6 0.29140625 0.571875 0.04375 0.0171875