3 0.88828125 0.625 0.1515625 0.07421875
8 0.8515625 0.771875 0.04921875 0.02265625
6 0.6796875 0.69140625 0.0515625 0.025
6 0.63125 0.68828125 0.04140625 0.0375
8 0.559375 0.67578125 0.01171875 0.0078125
6 0.6015625 0.653125 0.08359375 0.025
6 0.53828125 0.58125 0.0578125 0.02578125
6 0.29453125 0.56953125 0.01484375 0.0109375
6 0.78828125 0.80234375 0.42265625 0.3953125
6 0.1203125 0.89921875 0.240625 0.1984375
8 0.21484375 0.5484375 0.0203125 0.02109375
6 0.15078125 0.53515625 0.01640625 0.0328125
6 0.14921875 0.58203125 0.02890625 0.009375
8 0.35625 0.51328125 0.0234375 0.0140625
6 0.45625 0.49765625 0.0265625 0.02734375
8 0.42109375 0.409375 0.028125 0.009375
6 0.38515625 0.42265625 0.01015625 0.0078125
6 0.41171875 0.45234375 0.00703125 0.00390625
6 0.42734375 0.3328125 0.01640625 0.0203125
6 0.421875 0.25234375 0.05703125 0.0203125
6 0.4140625 0.23515625 0.01796875 0.0125
6 0.5875 0.30625 0.053125 0.0078125
6 0.578125 0.3390625 0.0109375 0.015625
6 0.60625 0.31953125 0.01171875 0.00859375
6 0.3625 0.16015625 0.0484375 0.0171875
6 0.33359375 0.2078125 0.02578125 0.00859375
6 0.7109375 0.18046875 0.57734375 0.3609375
3 0.62421875 0.07734375 0.02578125 0.01796875
8 0.5703125 0.10078125 0.01640625 0.01171875
6 0.83125 0.47109375 0.0359375 0.01875
6 0.8421875 0.4328125 0.02265625 0.0359375
6 0.69921875 0.4265625 0.0109375 0.00703125
6 0.32109375 0.775 0.01796875 0.01015625