6 0.32578125 0.296875 0.04921875 0.01328125
6 0.725 0.446875 0.03203125 0.02578125
6 0.77265625 0.45078125 0.034375 0.0421875
6 0.8109375 0.4671875 0.0546875 0.03984375
6 0.8921875 0.64609375 0.0890625 0.05
6 0.67265625 0.68359375 0.02578125 0.03203125
6 0.33671875 0.7421875 0.0953125 0.0328125
6 0.8453125 0.8125 0.01796875 0.01640625
6 0.86796875 0.8328125 0.02421875 0.0125
6 0.94296875 0.84453125 0.0625 0.02421875
6 0.5390625 0.68671875 0.0359375 0.0109375
6 0.5765625 0.74296875 0.02890625 0.02578125
8 0.63046875 0.62734375 0.034375 0.028125
8 0.49765625 0.6265625 0.03359375 0.021875
6 0.95234375 0.346875 0.05546875 0.040625
6 0.7375 0.26328125 0.0453125 0.03984375