6 0.3765625 0.20703125 0.11484375 0.0453125
6 0.61953125 0.096875 0.0203125 0.01328125
6 0.83046875 0.3984375 0.02734375 0.01640625
6 0.809375 0.40234375 0.009375 0.00390625
6 0.7546875 0.43671875 0.0234375 0.01640625
6 0.6796875 0.43046875 0.01796875 0.00390625
6 0.5625 0.8078125 0.08359375 0.01484375
6 0.825 0.884375 0.0359375 0.0359375
6 0.83203125 0.859375 0.0265625 0.0296875
6 0.7609375 0.86015625 0.0234375 0.01484375
6 0.634375 0.875 0.0078125 0.00546875
6 0.66015625 0.8953125 0.00859375 0.00546875
6 0.66328125 0.88515625 0.0078125 0.003125
6 0.646875 0.88515625 0.01796875 0.009375
6 0.65 0.878125 0.00546875 0.0046875
6 0.6453125 0.8765625 0.0046875 0.00234375
6 0.79375 0.90234375 0.00546875 0.00390625
6 0.8265625 0.92734375 0.01796875 0.003125
6 0.6609375 0.8546875 0.0125 0.00703125
6 0.63984375 0.85625 0.00703125 0.0046875
6 0.67734375 0.85859375 0.009375 0.00390625
6 0.6796875 0.85546875 0.00546875 0.0046875
6 0.6796875 0.83359375 0.00703125 0.00390625
6 0.675 0.83046875 0.0046875 0.00234375
6 0.66015625 0.84140625 0.00625 0.00390625
6 0.63671875 0.83515625 0.00859375 0.003125
6 0.6203125 0.82734375 0.01171875 0.003125
6 0.4453125 0.6296875 0.00546875 0.00390625
6 0.52734375 0.5625 0.0046875 0.00234375
6 0.55078125 0.55703125 0.009375 0.003125
6 0.5875 0.546875 0.00390625 0.003125
6 0.63828125 0.52578125 0.00625 0.0015625
6 0.6578125 0.51015625 0.0046875 0.00390625
6 0.72734375 0.5109375 0.00546875 0.00390625
6 0.78203125 0.49609375 0.0078125 0.00390625
6 0.6234375 0.490625 0.003125 0.003125
6 0.68515625 0.496875 0.0046875 0.003125
6 0.80234375 0.44375 0.003125 0.00390625
6 0.72421875 0.459375 0.0046875 0.00234375
6 0.8375 0.41796875 0.00546875 0.00234375
6 0.828125 0.4203125 0.00625 0.00234375
6 0.76640625 0.37734375 0.0078125 0.0046875
6 0.72421875 0.31015625 0.009375 0.003125
6 0.94375 0.33125 0.00546875 0.003125
6 0.959375 0.33671875 0.00390625 0.0046875
6 0.77734375 0.2546875 0.02578125 0.0109375
6 0.72109375 0.26640625 0.00625 0.003125
6 0.4078125 0.80390625 0.01015625 0.00390625
6 0.39453125 0.803125 0.009375 0.003125
6 0.47890625 0.809375 0.00546875 0.00625
6 0.5078125 0.8 0.01171875 0.00546875
6 0.5 0.79375 0.00703125 0.0046875
6 0.47578125 0.7953125 0.00625 0.003125
6 0.4625 0.7875 0.003125 0.00234375
6 0.4484375 0.79921875 0.0046875 0.00234375
6 0.44375 0.83203125 0.00703125 0.00390625
6 0.4375 0.83125 0.01640625 0.00625
6 0.5859375 0.8390625 0.00859375 0.00234375
6 0.55859375 0.8375 0.00546875 0.00234375
6 0.52421875 0.86953125 0.00625 0.00234375
6 0.88359375 0.96484375 0.00625 0.0046875
6 0.91796875 0.9453125 0.003125 0.00234375
6 0.86640625 0.9421875 0.00390625 0.00234375