8 0.51328125 0.50078125 0.08203125 0.02890625
6 0.4140625 0.2265625 0.02421875 0.0140625
6 0.44765625 0.2546875 0.0203125 0.015625
6 0.275 0.25 0.01796875 0.0125
6 0.3265625 0.290625 0.0203125 0.01640625
6 0.209375 0.42265625 0.0140625 0.0140625
6 0.2609375 0.38203125 0.01796875 0.0140625
6 0.11015625 0.6890625 0.02109375 0.01953125
6 0.040625 0.73046875 0.01875 0.01484375
6 0.18984375 0.7984375 0.02578125 0.0234375
8 0.278125 0.7703125 0.03671875 0.01796875
6 0.1625 0.77734375 0.0140625 0.0125
6 0.54453125 0.8859375 0.0671875 0.0671875
6 0.66796875 0.94453125 0.0171875 0.0125
6 0.459375 0.12109375 0.02265625 0.01328125
6 0.0328125 0.55078125 0.01640625 0.01015625
6 0.04921875 0.58125 0.0109375 0.0140625