8 0.4625 0.5453125 0.071875 0.05
6 0.096875 0.85546875 0.01328125 0.0109375
6 0.0546875 0.96953125 0.0078125 0.009375
6 0.09140625 0.6203125 0.015625 0.0125
6 0.37578125 0.6453125 0.00859375 0.0109375
6 0.3953125 0.7328125 0.01328125 0.02109375
6 0.5796875 0.603125 0.01796875 0.01015625
6 0.72421875 0.56015625 0.01875 0.00859375
6 0.771875 0.59453125 0.0140625 0.01328125
6 0.871875 0.56796875 0.015625 0.0125
8 0.97109375 0.54765625 0.01328125 0.034375
8 0.98671875 0.49609375 0.02109375 0.02109375
6 0.31640625 0.5140625 0.01953125 0.01328125
6 0.35 0.5265625 0.015625 0.01796875
6 0.6515625 0.36953125 0.0265625 0.01328125
6 0.59765625 0.27734375 0.03671875 0.01953125
6 0.46796875 0.32421875 0.01484375 0.00859375
6 0.28671875 0.23515625 0.01875 0.0203125
6 0.14296875 0.35703125 0.02734375 0.01484375
6 0.021875 0.47578125 0.01796875 0.01484375
6 0.13828125 0.05703125 0.03203125 0.01875
8 0.38515625 0.0125 0.02734375 0.02421875
6 0.2828125 0.0671875 0.02734375 0.021875
6 0.3703125 0.2171875 0.01328125 0.00859375
6 0.44765625 0.09609375 0.01328125 0.0078125
6 0.715625 0.19765625 0.01328125 0.00859375
6 0.178125 0.2828125 0.00859375 0.00859375
6 0.2546875 0.1859375 0.0109375 0.00625