8 0.69921875 0.30078125 0.04296875 0.03828125
6 0.37421875 0.63046875 0.04765625 0.04609375
6 0.78515625 0.43828125 0.05625 0.06328125
6 0.3359375 0.27734375 0.0625 0.03828125
6 0.11875 0.37578125 0.0234375 0.02265625
6 0.35546875 0.384375 0.04609375 0.025
6 0.64453125 0.83984375 0.03671875 0.03359375
6 0.8671875 0.77734375 0.0578125 0.046875
6 0.7609375 0.90546875 0.04609375 0.025
6 0.5359375 0.98125 0.06640625 0.03359375
6 0.521875 0.94765625 0.034375 0.01640625
6 0.60703125 0.73125 0.0296875 0.0234375
6 0.303125 0.12890625 0.1171875 0.046875