6 0.3890625 0.32578125 0.1328125 0.0421875
6 0.9390625 0.84609375 0.084375 0.021875
6 0.89609375 0.84609375 0.02421875 0.00625
6 0.8625 0.834375 0.01015625 0.00625
6 0.871875 0.85 0.00546875 0.00546875
6 0.865625 0.853125 0.00546875 0.0046875
6 0.96796875 0.86015625 0.00625 0.0046875
6 0.859375 0.89296875 0.00546875 0.0046875
6 0.84921875 0.89609375 0.00625 0.0125
6 0.82734375 0.8640625 0.00546875 0.00625
6 0.8421875 0.86640625 0.0078125 0.0046875
6 0.78203125 0.871875 0.0109375 0.0046875
6 0.765625 0.87265625 0.00859375 0.00390625
6 0.94375 0.86640625 0.0046875 0.00390625
6 0.94453125 0.90234375 0.00625 0.00390625
6 0.74765625 0.621875 0.009375 0.00390625
6 0.78125 0.6078125 0.0046875 0.00390625
6 0.84140625 0.56328125 0.00625 0.003125
6 0.90859375 0.53203125 0.0046875 0.00390625
6 0.86015625 0.5328125 0.00390625 0.0046875
6 0.88515625 0.5109375 0.0078125 0.00625
6 0.784375 0.47421875 0.01953125 0.0140625
6 0.890625 0.459375 0.03671875 0.009375
6 0.95625 0.4328125 0.01328125 0.009375
8 0.96171875 0.42734375 0.00546875 0.00234375
8 0.93125 0.45703125 0.00390625 0.00390625
8 0.9390625 0.51640625 0.009375 0.00546875
6 0.525 0.196875 0.0203125 0.0078125