3 0.2234375 0.146875 0.06875 0.03125
3 0.2828125 0.1765625 0.04921875 0.0265625
8 0.6765625 0.18359375 0.02421875 0.01015625
8 0.6796875 0.2265625 0.06796875 0.0328125
8 0.74453125 0.284375 0.0421875 0.0328125
8 0.76796875 0.27578125 0.025 0.01796875
8 0.7515625 0.375 0.0390625 0.0265625
3 0.65703125 0.4 0.05234375 0.0234375
8 0.76328125 0.53359375 0.109375 0.0328125
8 0.725 0.56953125 0.046875 0.01484375
3 0.54375 0.53203125 0.06484375 0.03671875
3 0.4640625 0.509375 0.0609375 0.02265625
8 0.471875 0.52578125 0.0359375 0.01953125
8 0.41171875 0.5328125 0.05859375 0.01484375
8 0.47578125 0.4203125 0.05 0.0140625
8 0.1546875 0.38046875 0.071875 0.0171875
8 0.15390625 0.40625 0.05390625 0.03515625
8 0.19921875 0.46171875 0.03984375 0.01953125
8 0.22578125 0.446875 0.02421875 0.0234375
8 0.23828125 0.42890625 0.021875 0.02109375
8 0.14765625 0.33671875 0.03515625 0.01484375
8 0.04296875 0.2609375 0.0390625 0.021875
8 0.05703125 0.12578125 0.01796875 0.01640625
1 0.90234375 0.84296875 0.14921875 0.08671875
1 0.75390625 0.82578125 0.03359375 0.01953125
8 0.57890625 0.97734375 0.05703125 0.01796875
3 0.6390625 0.9875 0.075 0.025
8 0.221875 0.79765625 0.0515625 0.0484375
8 0.26640625 0.74765625 0.01875 0.028125
8 0.28828125 0.76015625 0.0453125 0.04140625
3 0.40078125 0.8234375 0.0890625 0.05859375
8 0.30234375 0.84375 0.03203125 0.01953125
8 0.7578125 0.9421875 0.03203125 0.025
8 0.5515625 0.91328125 0.0265625 0.0109375
6 0.475 0.3515625 0.95 0.68671875
6 0.5 0.8390625 1 0.321875