6 0.8296875 0.90703125 0.1640625 0.05
6 0.38515625 0.80859375 0.02109375 0.00859375
6 0.70703125 0.83125 0.02578125 0.01328125
6 0.765625 0.65625 0.1171875 0.04765625
6 0.640625 0.6203125 0.02109375 0.0109375
6 0.60703125 0.60703125 0.01171875 0.00625
6 0.540625 0.60859375 0.0125 0.00703125
6 0.52578125 0.5140625 0.0125 0.00546875
6 0.51171875 0.5265625 0.009375 0.0046875
6 0.60234375 0.47734375 0.015625 0.009375
6 0.85703125 0.54296875 0.040625 0.0125
6 0.6375 0.41015625 0.01328125 0.00625
6 0.65546875 0.31953125 0.01171875 0.009375
6 0.365625 0.56328125 0.01328125 0.00625