8 0.6546875 0.42578125 0.04609375 0.01796875
6 0.64609375 0.4140625 0.028125 0.01328125
6 0.77734375 0.915625 0.0828125 0.01875
8 0.7640625 0.884375 0.01640625 0.01171875
8 0.72109375 0.92578125 0.0234375 0.015625
8 0.98125 0.86171875 0.02265625 0.0234375
8 0.57734375 0.803125 0.04375 0.025
8 0.70546875 0.74921875 0.01875 0.0125
6 0.734375 0.74375 0.02421875 0.01796875
8 0.684375 0.69375 0.021875 0.0203125
6 0.68359375 0.546875 0.05 0.01796875
6 0.63203125 0.54609375 0.05625 0.03359375
6 0.5875 0.50078125 0.04921875 0.03515625
6 0.6 0.56484375 0.03671875 0.01953125