8 0.340625 0.53046875 0.0421875 0.03125
8 0.20703125 0.77734375 0.0296875 0.0390625
8 0.29453125 0.90625 0.0453125 0.0375
8 0.2234375 0.53359375 0.01953125 0.01953125
8 0.24453125 0.403125 0.03046875 0.0171875
3 0.121875 0.27890625 0.0328125 0.0171875
3 0.146875 0.2875 0.03203125 0.015625
3 0.10546875 0.2890625 0.05703125 0.02734375
8 0.05625 0.3109375 0.01953125 0.00859375
8 0.07421875 0.30390625 0.01640625 0.009375
8 0.09921875 0.31015625 0.01328125 0.00703125
8 0.4296875 0.26015625 0.01640625 0.0078125
8 0.24140625 0.29609375 0.0203125 0.0109375
8 0.009375 0.215625 0.01796875 0.01328125
8 0.025 0.21171875 0.01640625 0.0078125
3 0.190625 0.0390625 0.03359375 0.01796875
8 0.04921875 0.0609375 0.01640625 0.0140625
8 0.2953125 0.10703125 0.0140625 0.01171875
6 0.5734375 0.60078125 0.85234375 0.48671875
6 0.509375 0.28828125 0.171875 0.0703125
6 0.3203125 0.16953125 0.2453125 0.0734375