6 0.32421875 0.8015625 0.06484375 0.06015625
6 0.30546875 0.78046875 0.02265625 0.009375
6 0.30625 0.834375 0.0203125 0.01015625
6 0.50234375 0.7703125 0.0328125 0.0140625
6 0.41953125 0.6953125 0.0390625 0.02265625
6 0.4 0.90078125 0.009375 0.00703125
6 0.490625 0.725 0.01015625 0.00859375
6 0.48828125 0.73203125 0.00859375 0.009375
6 0.315625 0.70859375 0.0171875 0.0109375
6 0.3484375 0.58046875 0.0171875 0.01328125
6 0.2734375 0.49453125 0.0296875 0.0203125
6 0.2703125 0.41875 0.0328125 0.0265625
8 0.09921875 0.44921875 0.01328125 0.0125
8 0.90078125 0.6375 0.0140625 0.009375
6 0.9078125 0.64296875 0.00703125 0.00625
6 0.7640625 0.58671875 0.015625 0.00859375
6 0.79453125 0.57578125 0.00625 0.00703125
6 0.59765625 0.5140625 0.0109375 0.00625
6 0.59765625 0.4796875 0.01171875 0.00546875
6 0.85859375 0.43984375 0.0140625 0.00703125
6 0.61015625 0.3015625 0.01484375 0.01015625
6 0.60625 0.26953125 0.01796875 0.00859375
8 0.86015625 0.22578125 0.02578125 0.02421875
6 0.94921875 0.340625 0.01171875 0.0078125
6 0.8546875 0.3171875 0.0125 0.00625
6 0.99375 0.22734375 0.00625 0.00859375
6 0.90078125 0.20625 0.01171875 0.009375
6 0.853125 0.16953125 0.01875 0.0140625
6 0.815625 0.20390625 0.015625 0.00703125
6 0.77890625 0.178125 0.01015625 0.00703125
6 0.90703125 0.15859375 0.0109375 0.00703125
6 0.7453125 0.1125 0.00859375 0.0078125
6 0.93515625 0.1296875 0.01796875 0.01640625
8 0.9328125 0.1390625 0.0234375 0.01875
6 0.61484375 0.07265625 0.0125 0.00703125
6 0.6875 0.028125 0.00625 0.00546875
6 0.85703125 0.046875 0.0734375 0.025
6 0.8375 0.05390625 0.01875 0.01171875
6 0.88203125 0.07109375 0.0140625 0.00859375
6 0.946875 0.09296875 0.0078125 0.00859375
6 0.459375 0.221875 0.0203125 0.00859375
6 0.32421875 0.21015625 0.0125 0.00859375
6 0.3703125 0.66328125 0.01796875 0.028125