6 0.5 0.50546875 1 0.9890625
1 0.63671875 0.77734375 0.159375 0.08515625
8 0.82421875 0.5515625 0.07109375 0.0703125
8 0.8375 0.60546875 0.0359375 0.03046875
8 0.39375 0.58125 0.0921875 0.03359375
8 0.52265625 0.4375 0.10390625 0.05
8 0.2796875 0.4265625 0.10546875 0.046875
8 0.33125 0.08359375 0.0484375 0.02109375
8 0.20625 0.1484375 0.0390625 0.02265625
8 0.23359375 0.2046875 0.04921875 0.025
8 0.57890625 0.17578125 0.04296875 0.01953125
8 0.571875 0.121875 0.03203125 0.02421875
5 0.55234375 0.1453125 0.0453125 0.0296875
8 0.9171875 0.29453125 0.053125 0.0359375
8 0.16875 0.4109375 0.0734375 0.0265625
8 0.434375 0.65390625 0.03984375 0.03984375
8 0.85703125 0.659375 0.06953125 0.0375
8 0.765625 0.64140625 0.04296875 0.02421875
8 0.58984375 0.6015625 0.05234375 0.02578125
8 0.45546875 0.53984375 0.046875 0.0296875
8 0.41015625 0.29140625 0.0484375 0.02890625
8 0.3609375 0.28359375 0.053125 0.01953125
8 0.32890625 0.290625 0.0453125 0.01640625
8 0.36796875 0.290625 0.04140625 0.02421875
8 0.5515625 0.21640625 0.03359375 0.02421875