3 0.58203125 0.4046875 0.03984375 0.01953125
6 0.5703125 0.40625 0.07421875 0.028125
6 0.525 0.45859375 0.0328125 0.02109375
6 0.27734375 0.96015625 0.02265625 0.01328125
6 0.6203125 0.7421875 0.09375 0.03515625
6 0.1765625 0.7375 0.0203125 0.0359375
6 0.19140625 0.74765625 0.0234375 0.00859375
6 0.096875 0.7484375 0.015625 0.0140625
8 0.3546875 0.3671875 0.0296875 0.0171875
6 0.37890625 0.14765625 0.09140625 0.0578125
6 0.14296875 0.059375 0.01328125 0.00703125
6 0.17265625 0.06015625 0.01796875 0.0109375
6 0.38671875 0.04296875 0.0125 0.0078125
6 0.2296875 0.06328125 0.0109375 0.00703125
6 0.3421875 0.09609375 0.00625 0.0046875
6 0.49921875 0.17109375 0.01328125 0.00546875
6 0.615625 0.20703125 0.0125 0.00703125
6 0.70625 0.22890625 0.00546875 0.00546875
8 0.88046875 0.14375 0.0265625 0.0125
8 0.1921875 0.2859375 0.02578125 0.01015625
6 0.2640625 0.2953125 0.0171875 0.009375
6 0.4046875 0.2609375 0.0140625 0.009375
6 0.30859375 0.26328125 0.01796875 0.00859375
6 0.353125 0.3375 0.00859375 0.00703125
6 0.59765625 0.30078125 0.02734375 0.01328125
6 0.446875 0.22578125 0.01015625 0.00703125
6 0.4546875 0.2359375 0.0125 0.00390625
6 0.484375 0.24375 0.00703125 0.00546875
6 0.4796875 0.26015625 0.0078125 0.0046875
6 0.5625 0.2421875 0.00703125 0.0046875
6 0.5796875 0.26015625 0.01328125 0.0078125
6 0.42265625 0.275 0.009375 0.0046875
6 0.36015625 0.26953125 0.00859375 0.0046875
6 0.42265625 0.3328125 0.00546875 0.00390625
6 0.42109375 0.3875 0.0078125 0.0078125
6 0.41328125 0.36015625 0.00703125 0.00703125
6 0.43046875 0.353125 0.0078125 0.00546875
6 0.48984375 0.3671875 0.01328125 0.01171875
6 0.45234375 0.3828125 0.00859375 0.0078125
6 0.49453125 0.31328125 0.0109375 0.00703125
6 0.7515625 0.3484375 0.01015625 0.00546875
6 0.75546875 0.40078125 0.00859375 0.003125
6 0.79609375 0.4375 0.009375 0.00703125
6 0.8 0.43359375 0.00703125 0.00390625
6 0.7515625 0.4046875 0.009375 0.0046875
6 0.1 0.35390625 0.01328125 0.00703125
6 0.29921875 0.30703125 0.009375 0.0046875
6 0.3109375 0.21015625 0.01015625 0.00546875
6 0.43046875 0.16796875 0.0109375 0.003125
6 0.42734375 0.15546875 0.0109375 0.0046875
6 0.434375 0.15546875 0.009375 0.00390625
6 0.1421875 0.196875 0.00703125 0.00390625
6 0.05078125 0.17890625 0.01328125 0.00546875
6 0.071875 0.2515625 0.0109375 0.00546875
6 0.50234375 0.4890625 0.00703125 0.00546875
6 0.50859375 0.490625 0.00703125 0.003125
6 0.52265625 0.49921875 0.0046875 0.003125
6 0.5421875 0.4421875 0.0078125 0.003125
6 0.5921875 0.54140625 0.0046875 0.00390625
6 0.58671875 0.5484375 0.0078125 0.0046875
6 0.16953125 0.3640625 0.00859375 0.0046875
6 0.2875 0.221875 0.0078125 0.00546875
6 0.32734375 0.26640625 0.0078125 0.0046875
6 0.3609375 0.2640625 0.00546875 0.003125
8 0.4046875 0.41015625 0.00703125 0.00625
8 0.01640625 0.428125 0.01328125 0.00625
8 0.13828125 0.4515625 0.009375 0.00390625
6 0.88984375 0.5203125 0.0125 0.00625