6 0.75625 0.61875 0.06796875 0.03046875
6 0.9078125 0.55703125 0.0171875 0.01953125
6 0.978125 0.70703125 0.01953125 0.00859375
6 0.990625 0.66640625 0.015625 0.01328125
6 0.98984375 0.8109375 0.009375 0.0078125
6 0.99765625 0.80625 0.0046875 0.00546875
6 0.00859375 0.9125 0.01640625 0.00859375
6 0.125 0.740625 0.01171875 0.00625
8 0.17265625 0.77265625 0.0078125 0.00546875
8 0.01796875 0.5625 0.009375 0.00390625
6 0.37890625 0.575 0.009375 0.0078125
8 0.5515625 0.4 0.01328125 0.00859375
6 0.8640625 0.375 0.01484375 0.0078125
6 0.83046875 0.37421875 0.00625 0.003125
6 0.24296875 0.38046875 0.01015625 0.00546875
6 0.23046875 0.35859375 0.00390625 0.00390625
6 0.30546875 0.3 0.00625 0.01015625
6 0.3125 0.29453125 0.0109375 0.00625
6 0.1625 0.30859375 0.00703125 0.00625
6 0.23984375 0.2546875 0.0109375 0.0078125
6 0.41171875 0.26328125 0.00859375 0.00625
8 0.22265625 0.20078125 0.0078125 0.0046875
6 0.21171875 0.14609375 0.009375 0.0078125
6 0.11015625 0.15703125 0.00625 0.00546875
6 0.47421875 0.14765625 0.01171875 0.0140625
8 0.63515625 0.21171875 0.01171875 0.0046875
6 0.86328125 0.18515625 0.00703125 0.00703125
6 0.7921875 0.1421875 0.009375 0.01015625
8 0.25234375 0.8828125 0.0109375 0.00703125