6 0.12421875 0.546875 0.2109375 0.140625
6 0.51171875 0.35 0.23125 0.10390625
6 0.7984375 0.3734375 0.07890625 0.08828125
8 0.60859375 0.465625 0.06953125 0.053125
6 0.46875 0.44765625 0.178125 0.046875
6 0.78671875 0.565625 0.09296875 0.040625
6 0.28828125 0.71484375 0.14609375 0.07265625
6 0.434375 0.67890625 0.090625 0.0640625
6 0.6390625 0.68828125 0.10625 0.05078125
6 0.78203125 0.69921875 0.07421875 0.05234375
6 0.946875 0.64921875 0.04609375 0.053125
6 0.68359375 0.88984375 0.6328125 0.2203125
8 0.596875 0.8765625 0.1109375 0.05234375
6 0.3484375 0.8578125 0.11328125 0.05703125
6 0.4859375 0.821875 0.05078125 0.021875
6 0.490625 0.85546875 0.04609375 0.01796875
6 0.253125 0.765625 0.053125 0.02578125
6 0.32421875 0.77109375 0.10625 0.03671875
6 0.08125 0.46328125 0.115625 0.04921875
6 0.1640625 0.16015625 0.115625 0.03359375
6 0.39140625 0.240625 0.06015625 0.02890625
6 0.43203125 0.2328125 0.053125 0.02890625
6 0.5390625 0.225 0.08828125 0.025
6 0.5 0.20859375 0.08828125 0.03125
6 0.315625 0.16953125 0.1828125 0.04140625
6 0.63671875 0.51953125 0.06953125 0.02890625
6 0.76640625 0.5171875 0.08828125 0.03671875
6 0.84609375 0.50390625 0.0578125 0.03671875
6 0.2890625 0.49765625 0.06953125 0.0234375
6 0.71875 0.4375 0.0625 0.0234375
6 0.83125 0.4421875 0.08359375 0.025
6 0.740625 0.46015625 0.06015625 0.0140625
6 0.56015625 0.75078125 0.09296875 0.0484375