6 0.51640625 0.55 0.5625 0.30546875
6 0.465625 0.38515625 0.01953125 0.01796875
6 0.49296875 0.24453125 0.03046875 0.0171875
6 0.534375 0.35859375 0.0234375 0.01875
6 0.88828125 0.67734375 0.0234375 0.01875
6 0.6234375 0.02890625 0.01640625 0.0171875
8 0.728125 0.10859375 0.03828125 0.02421875
8 0.83984375 0.07421875 0.02421875 0.0140625
8 0.3078125 0.18984375 0.02734375 0.01875
8 0.134375 0.0640625 0.01953125 0.01171875
8 0.1171875 0.078125 0.02421875 0.01484375
8 0.41875 0.9703125 0.028125 0.0140625
8 0.70390625 0.975 0.0265625 0.01484375