6 0.43125 0.4453125 0.3578125 0.25625
6 0.53671875 0.325 0.1109375 0.0625
8 0.59609375 0.19140625 0.0625 0.05078125
8 0.27890625 0.05703125 0.08671875 0.06328125
6 0.42734375 0.08125 0.0234375 0.0171875
8 0.478125 0.2203125 0.025 0.01796875
6 0.7171875 0.19296875 0.01953125 0.0140625
6 0.784375 0.2375 0.0203125 0.0140625
6 0.840625 0.27109375 0.02265625 0.01328125
6 0.884375 0.50390625 0.01328125 0.0125
6 0.759375 0.90078125 0.040625 0.03359375
6 0.765625 0.8234375 0.1734375 0.0484375
6 0.79609375 0.84765625 0.0328125 0.01640625
6 0.984375 0.74609375 0.02109375 0.0203125