6 0.21640625 0.2265625 0.05859375 0.04921875
6 0.90859375 0.0578125 0.11875 0.03359375
6 0.2140625 0.3953125 0.05234375 0.02421875
6 0.471875 0.940625 0.01015625 0.00703125
6 0.45390625 0.9859375 0.009375 0.0078125
6 0.878125 0.9765625 0.01171875 0.00859375
6 0.8140625 0.98125 0.0046875 0.00546875
6 0.81875 0.978125 0.00625 0.0078125
6 0.81328125 0.97265625 0.00859375 0.00859375
6 0.81484375 0.94921875 0.0078125 0.00546875
6 0.83203125 0.93359375 0.00859375 0.0046875
6 0.790625 0.9265625 0.0078125 0.00390625
6 0.7625 0.93125 0.01015625 0.00390625
6 0.734375 0.91953125 0.00546875 0.003125
6 0.88984375 0.90390625 0.00859375 0.0046875
6 0.91171875 0.91015625 0.00625 0.0046875
6 0.91640625 0.909375 0.00390625 0.00390625
6 0.99453125 0.90859375 0.0109375 0.0046875
6 0.996875 0.89140625 0.00625 0.0046875
6 0.7609375 0.89765625 0.01171875 0.0078125
6 0.74609375 0.896875 0.00703125 0.00546875
6 0.78515625 0.89453125 0.0078125 0.00546875
6 0.78125 0.9484375 0.00703125 0.00546875
6 0.85390625 0.8859375 0.00625 0.0046875
6 0.93671875 0.85859375 0.00625 0.0046875
6 0.93359375 0.8640625 0.00390625 0.00546875
6 0.9171875 0.878125 0.00703125 0.00390625
6 0.90859375 0.83046875 0.00703125 0.0046875
6 0.815625 0.8734375 0.00625 0.00390625
6 0.81328125 0.86875 0.0078125 0.0046875
6 0.78125 0.8859375 0.0078125 0.00546875
6 0.74140625 0.87578125 0.0046875 0.0046875
6 0.70390625 0.87265625 0.009375 0.0046875
6 0.696875 0.8546875 0.00546875 0.00390625
6 0.7890625 0.8671875 0.00703125 0.00390625
6 0.7953125 0.8625 0.0046875 0.00390625
6 0.76953125 0.8390625 0.00703125 0.0046875
6 0.74765625 0.85234375 0.00390625 0.00390625
6 0.76484375 0.8265625 0.01484375 0.00625
6 0.76328125 0.81875 0.00703125 0.00390625
6 0.76953125 0.7984375 0.00625 0.0046875
6 0.7640625 0.79609375 0.00546875 0.0046875
6 0.75 0.80390625 0.01015625 0.00390625
6 0.72578125 0.7953125 0.0046875 0.003125
6 0.73671875 0.80234375 0.025 0.01484375
6 0.7234375 0.78828125 0.0046875 0.0046875
6 0.77265625 0.79453125 0.00546875 0.0046875
6 0.58984375 0.815625 0.0109375 0.0046875
6 0.58671875 0.78828125 0.0109375 0.0046875
6 0.55859375 0.8 0.00703125 0.00390625
6 0.5640625 0.79765625 0.00390625 0.00390625
6 0.46484375 0.80390625 0.0109375 0.00625
6 0.45390625 0.81484375 0.00546875 0.0046875
6 0.471875 0.8171875 0.01171875 0.00390625
6 0.48203125 0.803125 0.0078125 0.0046875
6 0.49921875 0.80390625 0.009375 0.0046875
6 0.4375 0.8046875 0.0046875 0.00546875
6 0.48359375 0.7953125 0.00703125 0.00234375
6 0.509375 0.79765625 0.01015625 0.0046875
6 0.5140625 0.7953125 0.00546875 0.00234375
6 0.4859375 0.7484375 0.00859375 0.00390625
6 0.50078125 0.7546875 0.00703125 0.00390625
6 0.5046875 0.76015625 0.0078125 0.00625
6 0.5890625 0.74296875 0.00703125 0.00703125
6 0.59765625 0.75390625 0.00390625 0.003125
6 0.62578125 0.753125 0.04765625 0.02578125
6 0.628125 0.75 0.00625 0.00703125
6 0.6609375 0.7625 0.00625 0.003125
6 0.67890625 0.73828125 0.00625 0.003125
6 0.71015625 0.74296875 0.0046875 0.0046875
6 0.71328125 0.740625 0.00546875 0.00390625
6 0.7015625 0.74453125 0.00390625 0.003125
6 0.725 0.715625 0.00703125 0.00625
6 0.5328125 0.70546875 0.0328125 0.0203125
6 0.46796875 0.7 0.00859375 0.0046875
6 0.49921875 0.71015625 0.0078125 0.00234375
6 0.5125 0.71640625 0.009375 0.03046875
6 0.6546875 0.7390625 0.0078125 0.00546875
6 0.528125 0.75546875 0.00703125 0.003125
6 0.53515625 0.7796875 0.0046875 0.00390625
6 0.47421875 0.8390625 0.0140625 0.00546875
6 0.67734375 0.84765625 0.01171875 0.0046875
6 0.3859375 0.7734375 0.00859375 0.00703125
6 0.396875 0.75859375 0.00859375 0.00703125
6 0.415625 0.7625 0.009375 0.00390625
6 0.3828125 0.7296875 0.0078125 0.00390625
6 0.41796875 0.71953125 0.01015625 0.00625
6 0.24296875 0.746875 0.0109375 0.00625
6 0.240625 0.75234375 0.009375 0.00546875
6 0.45234375 0.68359375 0.00625 0.00546875
6 0.48828125 0.68359375 0.00625 0.00546875
6 0.4640625 0.65078125 0.0078125 0.00546875
6 0.62578125 0.678125 0.0046875 0.00859375
6 0.61015625 0.709375 0.00703125 0.00546875
6 0.684375 0.67421875 0.01484375 0.01171875
6 0.6515625 0.65703125 0.0109375 0.00546875
6 0.73046875 0.709375 0.00625 0.0046875
6 0.72734375 0.69296875 0.01015625 0.0046875
6 0.72578125 0.6875 0.00625 0.0046875
6 0.72578125 0.6703125 0.00546875 0.00390625
6 0.72265625 0.6765625 0.0046875 0.00546875
6 0.53828125 0.6671875 0.0078125 0.00390625
6 0.53515625 0.6421875 0.00625 0.0046875
6 0.54453125 0.653125 0.00625 0.0046875
6 0.58203125 0.64140625 0.00625 0.00390625
6 0.584375 0.6125 0.0078125 0.0046875
6 0.665625 0.60703125 0.00546875 0.003125
8 0.534375 0.6078125 0.01015625 0.0078125
6 0.528125 0.6015625 0.00390625 0.00390625
6 0.5125 0.60859375 0.00703125 0.0046875
6 0.51796875 0.6125 0.00546875 0.00390625
6 0.5046875 0.60078125 0.00703125 0.003125
6 0.50546875 0.6078125 0.00703125 0.00546875
6 0.45078125 0.640625 0.00625 0.00390625
6 0.4578125 0.61171875 0.009375 0.0046875
6 0.453125 0.59375 0.00703125 0.0046875
6 0.48046875 0.59765625 0.00859375 0.00234375
6 0.50078125 0.5953125 0.00390625 0.003125
6 0.48046875 0.5640625 0.0046875 0.00390625
6 0.490625 0.584375 0.00390625 0.00390625
6 0.4375 0.571875 0.00703125 0.0046875
6 0.775 0.48046875 0.0078125 0.0046875
6 0.83046875 0.47734375 0.009375 0.00546875
6 0.853125 0.48125 0.0078125 0.00546875
6 0.8515625 0.46015625 0.00703125 0.0046875
6 0.8546875 0.50234375 0.00546875 0.00390625
6 0.93671875 0.53515625 0.00703125 0.0046875
6 0.3765625 0.5578125 0.00703125 0.003125
6 0.35703125 0.5359375 0.00625 0.0046875
6 0.37109375 0.52578125 0.009375 0.0046875
6 0.36875 0.5359375 0.0078125 0.00390625
6 0.36796875 0.540625 0.00625 0.003125
6 0.3828125 0.54765625 0.00625 0.00390625
6 0.3953125 0.54453125 0.00546875 0.003125
6 0.40859375 0.5625 0.00625 0.003125
6 0.3875 0.565625 0.00625 0.003125
6 0.49140625 0.54765625 0.00703125 0.0046875
6 0.53515625 0.46953125 0.00546875 0.0046875
8 0.19453125 0.5203125 0.01015625 0.00625
8 0.20234375 0.43359375 0.00703125 0.00546875
8 0.48203125 0.46875 0.00546875 0.00546875
8 0.440625 0.41953125 0.00859375 0.00390625
8 0.49609375 0.39921875 0.0078125 0.00546875
8 0.5375 0.434375 0.00859375 0.00390625
8 0.30234375 0.4953125 0.00625 0.00390625
8 0.34609375 0.5140625 0.00390625 0.00390625
8 0.08515625 0.775 0.009375 0.0046875
8 0.14453125 0.70625 0.009375 0.00390625
8 0.1765625 0.73125 0.0046875 0.00625
8 0.1703125 0.79296875 0.00625 0.0046875
8 0.05625 0.74453125 0.0125 0.003125
8 0.05546875 0.73984375 0.0078125 0.00390625
8 0.034375 0.72109375 0.00546875 0.00546875
8 0.2375 0.321875 0.01484375 0.03046875
8 0.24921875 0.3984375 0.0140625 0.01328125
8 0.15234375 0.40078125 0.01953125 0.0109375
8 0.44765625 0.27890625 0.01484375 0.00625