6 0.76328125 0.671875 0.22734375 0.06171875
6 0.81875 0.51171875 0.075 0.08828125
6 0.79140625 0.559375 0.02421875 0.01328125
6 0.67109375 0.571875 0.065625 0.02265625
6 0.62265625 0.596875 0.00546875 0.0046875
6 0.60078125 0.6890625 0.01484375 0.01796875
6 0.6125 0.68359375 0.0078125 0.00390625
6 0.58984375 0.675 0.0078125 0.0046875
6 0.61171875 0.65234375 0.00625 0.0046875
6 0.53125 0.66640625 0.00859375 0.00546875
6 0.55703125 0.65859375 0.00703125 0.00625
6 0.56484375 0.653125 0.0046875 0.003125
6 0.54296875 0.65390625 0.00625 0.00234375
6 0.53984375 0.65546875 0.00546875 0.00390625
6 0.53671875 0.65078125 0.0046875 0.00234375
6 0.56953125 0.65 0.003125 0.00234375
6 0.6328125 0.68828125 0.0046875 0.00234375
6 0.53125 0.70078125 0.003125 0.00234375
6 0.51484375 0.70390625 0.003125 0.003125
6 0.50859375 0.6984375 0.00234375 0.00234375
6 0.49140625 0.70390625 0.003125 0.003125
6 0.51328125 0.6984375 0.00234375 0.00234375
6 0.49609375 0.71484375 0.003125 0.00234375
6 0.5640625 0.6703125 0.00546875 0.003125
6 0.55859375 0.67265625 0.00546875 0.003125
6 0.56796875 0.67421875 0.00390625 0.00390625
6 0.340625 0.53359375 0.034375 0.01640625
6 0.378125 0.5859375 0.00703125 0.00390625
6 0.3484375 0.6390625 0.00859375 0.00546875
6 0.35546875 0.63671875 0.003125 0.00234375
6 0.35546875 0.63984375 0.00390625 0.00390625
6 0.35859375 0.63828125 0.00546875 0.0046875
6 0.36640625 0.64609375 0.00625 0.00390625
6 0.38125 0.64140625 0.00546875 0.00390625
6 0.384375 0.6390625 0.00546875 0.003125
6 0.3734375 0.6484375 0.00390625 0.003125
6 0.37734375 0.659375 0.0015625 0.003125
6 0.43828125 0.6453125 0.00625 0.0046875
6 0.45859375 0.64765625 0.00859375 0.00390625
6 0.37421875 0.6828125 0.003125 0.003125
6 0.378125 0.6921875 0.003125 0.00234375
6 0.3171875 0.6609375 0.01015625 0.00546875
6 0.31015625 0.66328125 0.0078125 0.00546875
6 0.30703125 0.65546875 0.00703125 0.0046875
6 0.290625 0.64375 0.0046875 0.0046875
6 0.30234375 0.64609375 0.0046875 0.003125
6 0.3078125 0.64296875 0.00390625 0.00390625
6 0.33359375 0.625 0.0046875 0.003125
6 0.3296875 0.6453125 0.00390625 0.00390625
6 0.365625 0.6296875 0.0046875 0.00546875
6 0.365625 0.625 0.0046875 0.003125
6 0.346875 0.6640625 0.003125 0.00234375
6 0.3578125 0.6640625 0.003125 0.00234375
6 0.35234375 0.67265625 0.003125 0.00234375
6 0.33125 0.66015625 0.003125 0.00234375
6 0.3453125 0.6578125 0.00234375 0.0015625
6 0.3453125 0.653125 0.0015625 0.0015625
6 0.35625 0.69296875 0.00234375 0.00234375
6 0.3125 0.6921875 0.0046875 0.003125
6 0.28984375 0.6953125 0.00390625 0.00234375
6 0.275 0.69765625 0.00234375 0.003125
6 0.39453125 0.68515625 0.00390625 0.003125
6 0.4015625 0.69296875 0.00234375 0.00234375
6 0.41640625 0.69140625 0.003125 0.00390625
6 0.421875 0.6921875 0.003125 0.00234375
6 0.4234375 0.69453125 0.003125 0.0015625
6 0.421875 0.70234375 0.00390625 0.00234375
6 0.42421875 0.70078125 0.003125 0.00234375
6 0.4703125 0.72265625 0.003125 0.00234375
6 0.47265625 0.72421875 0.00234375 0.0015625
6 0.4375 0.715625 0.003125 0.00234375
6 0.38984375 0.7265625 0.0046875 0.003125
6 0.36796875 0.75390625 0.003125 0.003125
6 0.4015625 0.76015625 0.00390625 0.003125
6 0.76640625 0.6890625 0.0109375 0.00546875
6 0.790625 0.68515625 0.009375 0.0046875
6 0.69921875 0.69140625 0.00859375 0.00546875
6 0.86953125 0.68046875 0.009375 0.00546875
6 0.97578125 0.66484375 0.00625 0.003125
6 0.93203125 0.65625 0.00625 0.003125
6 0.92421875 0.665625 0.00625 0.0046875
6 0.9203125 0.66953125 0.00625 0.00390625
6 0.6046875 0.90625 0.00390625 0.00390625
6 0.6265625 0.871875 0.00390625 0.0046875
6 0.584375 0.8890625 0.00390625 0.00390625
6 0.54453125 0.9296875 0.00546875 0.00546875
6 0.5484375 0.92421875 0.00390625 0.003125
6 0.53515625 0.90234375 0.00390625 0.00390625
6 0.53046875 0.921875 0.0015625 0.00234375
6 0.52890625 0.921875 0.0046875 0.00390625
6 0.528125 0.91796875 0.0015625 0.00234375
6 0.52890625 0.91640625 0.003125 0.003125
6 0.5 0.9140625 0.003125 0.003125
6 0.50546875 0.9125 0.00390625 0.00234375
6 0.50703125 0.915625 0.00234375 0.00234375
6 0.509375 0.9234375 0.003125 0.00390625
6 0.50390625 0.92578125 0.0046875 0.003125
6 0.4984375 0.9265625 0.00390625 0.00390625
6 0.50703125 0.9296875 0.00390625 0.00234375
6 0.5125 0.92890625 0.003125 0.00234375
6 0.47109375 0.92734375 0.00390625 0.00390625
6 0.46640625 0.92890625 0.0046875 0.003125
6 0.47421875 0.93984375 0.003125 0.003125
6 0.4765625 0.93984375 0.003125 0.003125
6 0.49765625 0.93828125 0.00390625 0.00234375
6 0.48671875 0.93046875 0.00234375 0.00234375
6 0.48515625 0.93046875 0.003125 0.003125
6 0.46015625 0.95078125 0.003125 0.003125
6 0.43671875 0.946875 0.003125 0.003125
6 0.42421875 0.94609375 0.00390625 0.00390625
6 0.41796875 0.953125 0.003125 0.00390625
6 0.45234375 0.93203125 0.00390625 0.0046875
6 0.45703125 0.9328125 0.003125 0.00234375
6 0.4609375 0.9390625 0.003125 0.003125
6 0.45703125 0.93828125 0.00390625 0.00234375
6 0.43046875 0.93984375 0.003125 0.00234375
6 0.43203125 0.9375 0.00234375 0.003125
6 0.453125 0.9421875 0.00234375 0.00234375
6 0.48671875 0.9390625 0.003125 0.00234375
6 0.48671875 0.94609375 0.00234375 0.003125
6 0.45703125 0.92109375 0.003125 0.00234375
6 0.40234375 0.953125 0.003125 0.0015625
6 0.38203125 0.940625 0.003125 0.003125
6 0.41796875 0.94765625 0.00234375 0.00234375
6 0.4 0.9203125 0.00234375 0.00234375
6 0.359375 0.91640625 0.00234375 0.00234375
6 0.43203125 0.89296875 0.00234375 0.00234375
6 0.4125 0.88984375 0.00234375 0.00234375
6 0.415625 0.8875 0.00234375 0.0015625
6 0.421875 0.88046875 0.003125 0.00234375
6 0.4765625 0.86796875 0.003125 0.00234375
6 0.52734375 0.87890625 0.00234375 0.00234375
6 0.528125 0.87421875 0.00234375 0.00234375
6 0.46640625 0.86328125 0.00390625 0.003125
6 0.46875 0.8609375 0.00234375 0.00234375
6 0.459375 0.8390625 0.003125 0.00234375
6 0.45078125 0.840625 0.003125 0.00234375
6 0.43984375 0.82890625 0.003125 0.003125
6 0.4171875 0.84140625 0.00390625 0.00234375
6 0.3953125 0.85 0.0046875 0.0015625
6 0.446875 0.85234375 0.00234375 0.00234375
6 0.4109375 0.84453125 0.003125 0.003125
6 0.41328125 0.8296875 0.00390625 0.00234375
6 0.46640625 0.8171875 0.00390625 0.003125
6 0.5171875 0.815625 0.003125 0.00234375
6 0.47109375 0.8109375 0.00234375 0.00234375
6 0.43359375 0.81171875 0.003125 0.00234375
6 0.4171875 0.7984375 0.003125 0.00234375
6 0.41484375 0.7921875 0.003125 0.00234375
6 0.47421875 0.78984375 0.003125 0.00234375
6 0.44453125 0.78984375 0.003125 0.00234375
6 0.4375 0.79609375 0.00234375 0.003125
6 0.43671875 0.79140625 0.003125 0.00234375
6 0.44765625 0.82890625 0.0015625 0.003125
6 0.396875 0.81171875 0.00390625 0.00390625
6 0.39296875 0.80625 0.003125 0.00234375
6 0.4375 0.809375 0.003125 0.00234375
6 0.4015625 0.82421875 0.003125 0.00234375
6 0.38671875 0.8109375 0.0015625 0.00234375
6 0.3890625 0.81171875 0.00234375 0.003125
6 0.390625 0.8125 0.00234375 0.00234375
6 0.4140625 0.80546875 0.0015625 0.00234375
6 0.38984375 0.8546875 0.00390625 0.0015625
6 0.37578125 0.85078125 0.003125 0.00234375
6 0.3640625 0.846875 0.00390625 0.003125
6 0.3515625 0.8609375 0.0046875 0.00234375
6 0.35546875 0.84609375 0.00390625 0.003125
6 0.38203125 0.8546875 0.00234375 0.00234375
6 0.38046875 0.8546875 0.0015625 0.00234375
6 0.3796875 0.85546875 0.00234375 0.00234375
6 0.3828125 0.82109375 0.00390625 0.00234375
6 0.3796875 0.8203125 0.00234375 0.00234375
6 0.40703125 0.83671875 0.00234375 0.00234375
6 0.36328125 0.8171875 0.00390625 0.003125
6 0.23671875 0.98671875 0.0046875 0.0046875
6 0.3 0.92421875 0.0046875 0.00390625
6 0.31171875 0.9390625 0.00390625 0.00390625
6 0.34453125 0.94375 0.003125 0.00390625
6 0.26015625 0.921875 0.003125 0.003125
6 0.25625 0.91796875 0.003125 0.00234375
6 0.2453125 0.90234375 0.003125 0.003125
6 0.25234375 0.89453125 0.003125 0.00234375
6 0.24765625 0.89296875 0.00234375 0.00234375
6 0.24609375 0.89375 0.00234375 0.00234375
6 0.2703125 0.88671875 0.00390625 0.003125
6 0.24609375 0.884375 0.00390625 0.003125
6 0.30703125 0.878125 0.003125 0.00390625
6 0.32109375 0.8765625 0.00234375 0.00234375
6 0.32734375 0.86484375 0.00390625 0.003125
6 0.3203125 0.865625 0.003125 0.00234375
6 0.33046875 0.86484375 0.00234375 0.0015625
6 0.334375 0.859375 0.003125 0.00390625
6 0.28984375 0.859375 0.00390625 0.003125
6 0.27890625 0.8609375 0.003125 0.003125
6 0.3171875 0.8609375 0.0015625 0.00234375
6 0.31875 0.86015625 0.003125 0.00234375
6 0.321875 0.85859375 0.00234375 0.00234375
6 0.325 0.8578125 0.003125 0.003125
6 0.328125 0.8578125 0.0046875 0.003125
6 0.34921875 0.85625 0.00234375 0.003125
6 0.33046875 0.85234375 0.00390625 0.003125
6 0.31796875 0.853125 0.003125 0.003125
6 0.31328125 0.8546875 0.003125 0.0015625
6 0.32890625 0.8484375 0.003125 0.00234375
6 0.32421875 0.85 0.00234375 0.003125
6 0.31796875 0.846875 0.003125 0.00234375
6 0.26953125 0.85 0.0046875 0.00390625
6 0.2859375 0.85 0.003125 0.00234375
6 0.2953125 0.84921875 0.00390625 0.003125
6 0.2875 0.846875 0.003125 0.00234375
6 0.25078125 0.86171875 0.003125 0.00234375
6 0.225 0.85234375 0.003125 0.003125
6 0.209375 0.859375 0.00390625 0.00390625
6 0.20625 0.86015625 0.00234375 0.003125
6 0.20390625 0.85859375 0.00234375 0.00234375
6 0.2109375 0.790625 0.025 0.01171875