8 0.571875 0.66640625 0.078125 0.03125
6 0.6203125 0.659375 0.01875 0.01171875
6 0.54375 0.640625 0.0125 0.01171875
6 0.371875 0.76015625 0.02109375 0.01640625
6 0.42109375 0.7921875 0.025 0.0140625
6 0.54140625 0.80703125 0.0109375 0.009375
6 0.40703125 0.690625 0.01640625 0.0140625
6 0.25078125 0.6625 0.01796875 0.015625
6 0.8734375 0.6578125 0.0171875 0.0125
6 0.94765625 0.675 0.01015625 0.0109375
6 0.95234375 0.68125 0.0078125 0.0125
6 0.67578125 0.57578125 0.03828125 0.0265625
6 0.75234375 0.5390625 0.0203125 0.01171875
6 0.8703125 0.48125 0.02109375 0.0140625
6 0.140625 0.384375 0.03203125 0.01484375
6 0.21796875 0.38046875 0.0171875 0.01171875