6 0.42578125 0.68359375 0.8515625 0.6328125
6 0.521875 0.25390625 0.425 0.1875
6 0.478125 0.12734375 0.3265625 0.0734375
6 0.3890625 0.05 0.41640625 0.06484375
6 0.44765625 0.0140625 0.05546875 0.015625
6 0.32421875 0.00859375 0.0453125 0.0140625
6 0.36328125 0.01484375 0.0703125 0.025
6 0.40625 0.003125 0.1296875 0.00625
8 0.46171875 0.1453125 0.01015625 0.00859375
8 0.4 0.13984375 0.00859375 0.00546875
8 0.46875 0.14765625 0.00703125 0.00390625
8 0.50390625 0.1578125 0.00625 0.00390625
9 0.30859375 0.24296875 0.01953125 0.015625
9 0.33046875 0.2625 0.0140625 0.009375
6 0.12109375 0.90625 0.0640625 0.0609375
3 0.671875 0.96953125 0.03203125 0.0265625
3 0.77578125 0.796875 0.03046875 0.02421875
3 0.7375 0.7640625 0.02265625 0.01640625
7 0.69765625 0.66015625 0.021875 0.0140625
8 0.603125 0.66015625 0.0359375 0.01484375
6 0.7578125 0.49921875 0.17265625 0.0140625
6 0.809375 0.4765625 0.071875 0.0296875
8 0.2453125 0.3125 0.01328125 0.0078125
6 0.83671875 0.66015625 0.01328125 0.00546875
6 0.76171875 0.6390625 0.0125 0.04140625
6 0.6515625 0.60859375 0.0328125 0.0265625
6 0.63203125 0.5875 0.0125 0.0078125
6 0.6171875 0.5671875 0.00625 0.003125
6 0.57578125 0.5515625 0.0046875 0.00390625
6 0.60234375 0.55078125 0.00390625 0.00390625
6 0.6921875 0.5796875 0.0046875 0.00234375
6 0.69921875 0.5265625 0.00546875 0.0046875
6 0.7359375 0.53984375 0.00390625 0.00390625
6 0.7421875 0.55234375 0.00703125 0.0046875
6 0.6015625 0.52578125 0.00625 0.003125
6 0.56640625 0.5109375 0.0046875 0.00234375
6 0.62734375 0.5640625 0.0046875 0.003125
6 0.57734375 0.5640625 0.00546875 0.00234375
6 0.609375 0.56015625 0.0046875 0.00234375
6 0.6703125 0.553125 0.00390625 0.0015625
6 0.67578125 0.559375 0.0046875 0.00234375
6 0.68515625 0.56328125 0.0046875 0.00234375
6 0.71484375 0.509375 0.00546875 0.00390625
6 0.6984375 0.50546875 0.003125 0.003125
6 0.6140625 0.51328125 0.0046875 0.00234375
6 0.578125 0.525 0.003125 0.00234375
6 0.58359375 0.53515625 0.00234375 0.0015625
6 0.58984375 0.54765625 0.00390625 0.0015625
6 0.575 0.5375 0.003125 0.0015625
6 0.5921875 0.43515625 0.0109375 0.00390625
6 0.61796875 0.4296875 0.0171875 0.00859375
6 0.6484375 0.41875 0.0046875 0.00390625
6 0.6015625 0.39609375 0.00859375 0.01171875
6 0.67578125 0.39921875 0.0046875 0.00390625
3 0.45625 0.48125 0.01328125 0.00390625
3 0.484375 0.78984375 0.0265625 0.0125
8 0.465625 0.9625 0.01875 0.01796875
8 0.503125 0.959375 0.0140625 0.0125
9 0.50859375 0.99296875 0.0171875 0.01328125
6 0.86875 0.97890625 0.034375 0.0421875
6 0.95078125 0.990625 0.0390625 0.01875
6 0.95 0.90703125 0.01328125 0.03203125
6 0.93515625 0.87109375 0.01484375 0.0078125
6 0.88046875 0.8640625 0.01171875 0.0109375
6 0.946875 0.796875 0.01015625 0.025
6 0.97578125 0.82265625 0.028125 0.0421875
6 0.91875 0.77109375 0.00703125 0.00546875
6 0.98828125 0.73828125 0.0078125 0.0046875
6 0.9984375 0.74609375 0.003125 0.00390625
6 0.8953125 0.7734375 0.00703125 0.00390625
6 0.8875 0.76015625 0.00625 0.0046875
6 0.9328125 0.76328125 0.00625 0.0046875
6 0.96640625 0.7203125 0.00390625 0.003125
6 0.84296875 0.63125 0.01328125 0.0078125
6 0.8328125 0.615625 0.00546875 0.00234375