6 0.7078125 0.2 0.49375 0.26015625
6 0.17421875 0.9203125 0.3140625 0.159375
6 0.43203125 0.75078125 0.0265625 0.0234375
6 0.5578125 0.9390625 0.04375 0.0171875
6 0.065625 0.70625 0.03046875 0.0140625
6 0.11015625 0.79375 0.0140625 0.00859375
6 0.4828125 0.890625 0.0125 0.01171875
6 0.4828125 0.88125 0.0140625 0.009375
6 0.7234375 0.49453125 0.01953125 0.01015625
6 0.6625 0.44296875 0.01953125 0.01015625
6 0.66484375 0.4 0.01875 0.0125
6 0.44921875 0.16640625 0.02109375 0.01171875
6 0.39609375 0.1640625 0.01640625 0.01015625
6 0.3328125 0.1203125 0.0171875 0.00859375
6 0.05390625 0.9125 0.028125 0.01015625
6 0.353125 0.928125 0.021875 0.0125