3 0.30859375 0.28828125 0.04921875 0.02734375
8 0.35390625 0.3140625 0.06171875 0.03125
6 0.7015625 0.53984375 0.11953125 0.071875
6 0.7015625 0.57890625 0.03203125 0.01640625
6 0.734375 0.48515625 0.0265625 0.01015625
6 0.7796875 0.4765625 0.0234375 0.0125
6 0.7953125 0.5140625 0.01640625 0.01171875
6 0.83515625 0.5140625 0.01015625 0.00703125
6 0.81171875 0.6140625 0.02734375 0.01171875
6 0.4765625 0.55625 0.015625 0.0078125
6 0.46484375 0.5484375 0.0125 0.00703125
6 0.621875 0.34921875 0.02109375 0.01484375
6 0.7421875 0.27734375 0.02421875 0.015625
6 0.62578125 0.209375 0.01015625 0.0078125
6 0.6828125 0.2171875 0.01640625 0.00859375
6 0.628125 0.15546875 0.0203125 0.01015625
6 0.62265625 0.1421875 0.01171875 0.00859375
6 0.528125 0.309375 0.01484375 0.009375
6 0.62265625 0.3328125 0.0109375 0.009375
6 0.67265625 0.3875 0.01484375 0.00859375
6 0.57421875 0.615625 0.0078125 0.00625
6 0.44921875 0.5109375 0.009375 0.00625
6 0.4671875 0.50390625 0.0125 0.0109375
6 0.88671875 0.76953125 0.0234375 0.0078125
6 0.73984375 0.43671875 0.0109375 0.00546875
6 0.596875 0.41640625 0.01015625 0.00390625
6 0.3953125 0.521875 0.00703125 0.00546875
6 0.434375 0.53203125 0.00625 0.00390625
6 0.50859375 0.4734375 0.00859375 0.00390625
6 0.415625 0.4234375 0.015625 0.00546875
6 0.49609375 0.3609375 0.01171875 0.0046875
6 0.50625 0.35546875 0.00859375 0.0046875
6 0.46171875 0.471875 0.00859375 0.00546875
6 0.54140625 0.4375 0.01015625 0.00859375
6 0.3515625 0.46640625 0.01328125 0.00546875
6 0.37578125 0.45703125 0.009375 0.0046875
6 0.4390625 0.43125 0.0359375 0.00703125