6 0.2140625 0.5671875 0.0265625 0.02578125
6 0.24453125 0.50234375 0.03984375 0.03671875
6 0.2734375 0.5328125 0.05390625 0.00859375
8 0.26953125 0.67578125 0.053125 0.01640625
0 0.43046875 0.39296875 0.0171875 0.0171875
6 0.43828125 0.40546875 0.021875 0.02890625
6 0.42265625 0.42421875 0.0140625 0.0046875
6 0.609375 0.3703125 0.02265625 0.0234375
6 0.30703125 0.353125 0.021875 0.028125
6 0.4015625 0.33515625 0.01171875 0.0078125
6 0.59609375 0.3 0.03671875 0.009375
6 0.6546875 0.28984375 0.01015625 0.01015625
8 0.63984375 0.17421875 0.01484375 0.0078125
8 0.62578125 0.1734375 0.00703125 0.00390625
6 0.575 0.05078125 0.00546875 0.00234375
6 0.82421875 0.4328125 0.0140625 0.015625
6 0.95625 0.478125 0.0109375 0.00703125
6 0.74296875 0.540625 0.01015625 0.00546875
6 0.11171875 0.3671875 0.015625 0.00703125
6 0.13125 0.3453125 0.01171875 0.00390625
6 0.4625 0.4171875 0.009375 0.009375
6 0.4625 0.43515625 0.009375 0.00390625
6 0.60625 0.38828125 0.015625 0.00546875
6 0.3171875 0.1109375 0.01875 0.00546875
6 0.2921875 0.1296875 0.00703125 0.00546875
6 0.28125 0.15703125 0.0078125 0.003125
6 0.4640625 0.51796875 0.00859375 0.00546875
6 0.628125 0.48671875 0.0078125 0.00390625
6 0.5125 0.4609375 0.00625 0.00546875
6 0.5875 0.47578125 0.009375 0.00390625
6 0.6171875 0.4671875 0.0078125 0.003125
6 0.60234375 0.46640625 0.009375 0.0046875
6 0.60703125 0.48125 0.0046875 0.0046875
6 0.6140625 0.47890625 0.00703125 0.0046875
6 0.484375 0.4828125 0.00703125 0.00390625
6 0.66484375 0.5296875 0.0078125 0.0046875
6 0.565625 0.5921875 0.0078125 0.0078125
6 0.42734375 0.5703125 0.01015625 0.00390625