8 0.6875 0.58046875 0.0984375 0.04609375
6 0.47734375 0.56484375 0.03984375 0.05546875
8 0.68515625 0.4171875 0.05546875 0.0234375
6 0.515625 0.384375 0.0375 0.01875
6 0.79453125 0.60625 0.04140625 0.0140625
6 0.89296875 0.35703125 0.01875 0.01171875
6 0.87734375 0.37421875 0.0203125 0.0125
6 0.83046875 0.44140625 0.0125 0.00703125
6 0.9046875 0.43359375 0.02421875 0.00703125
6 0.3296875 0.56171875 0.021875 0.01484375
6 0.10546875 0.64453125 0.021875 0.01484375
8 0.128125 0.7484375 0.0359375 0.025
6 0.2265625 0.75546875 0.01484375 0.01015625
6 0.2875 0.678125 0.01328125 0.0109375