6 0.51015625 0.51953125 0.140625 0.16640625
8 0.34375 0.6328125 0.1453125 0.07578125
6 0.478125 0.60078125 0.05625 0.0734375
6 0.4890625 0.82578125 0.09296875 0.03984375
8 0.4484375 0.09453125 0.059375 0.02890625
6 0.42734375 0.0765625 0.1140625 0.03125
6 0.4171875 0.340625 0.04453125 0.04609375
6 0.128125 0.51796875 0.04140625 0.03359375
6 0.0796875 0.47890625 0.03671875 0.01953125
6 0.215625 0.41484375 0.03125 0.03125
6 0.403125 0.41640625 0.0625 0.04921875
8 0.28671875 0.3265625 0.034375 0.0234375
8 0.11875 0.4546875 0.0265625 0.01328125
8 0.596875 0.2015625 0.0265625 0.02890625