9 0.23671875 0.5125 0.07421875 0.0375
8 0.21875 0.5359375 0.08046875 0.04609375
8 0.1375 0.5109375 0.06640625 0.0484375
3 0.41484375 0.43359375 0.0671875 0.04296875
8 0.13671875 0.671875 0.07109375 0.040625
6 0.6046875 0.91171875 0.12890625 0.13515625
6 0.20078125 0.93984375 0.4015625 0.1203125
6 0.2015625 0.79296875 0.13515625 0.06953125
6 0.41953125 0.79453125 0.18515625 0.02265625
6 0.47578125 0.7375 0.0828125 0.0296875
8 0.36328125 0.53125 0.059375 0.03046875
8 0.2078125 0.6359375 0.03671875 0.02109375
8 0.29609375 0.65546875 0.02265625 0.01171875
8 0.27734375 0.6640625 0.02109375 0.01640625
8 0.2515625 0.62734375 0.025 0.01015625
8 0.27265625 0.5921875 0.0171875 0.01015625
8 0.30078125 0.6109375 0.015625 0.0078125
8 0.271875 0.6234375 0.0390625 0.00703125
8 0.35625 0.46640625 0.09375 0.05625
9 0.42421875 0.49453125 0.02734375 0.01640625
8 0.25234375 0.46953125 0.08203125 0.0375
8 0.5375 0.3515625 0.03671875 0.0453125
3 0.6703125 0.40078125 0.0359375 0.02421875
8 0.6921875 0.4171875 0.0390625 0.0234375
7 0.70078125 0.23828125 0.0453125 0.0265625
6 0.365625 0.3171875 0.57265625 0.2234375
9 0.790625 0.2796875 0.12734375 0.021875
6 0.85625 0.3109375 0.08828125 0.0671875
8 0.75234375 0.340625 0.03125 0.01875
6 0.64140625 0.6390625 0.23359375 0.025
8 0.07734375 0.78515625 0.0875 0.04453125