8 0.48046875 0.3875 0.01953125 0.0109375
8 0.51640625 0.48515625 0.02109375 0.00703125
8 0.45703125 0.4953125 0.00625 0.003125
6 0.31015625 0.384375 0.00703125 0.0078125
6 0.23828125 0.3875 0.01015625 0.003125
6 0.3 0.38828125 0.009375 0.00390625
6 0.28515625 0.453125 0.00859375 0.003125
6 0.26640625 0.39140625 0.003125 0.0015625
6 0.36171875 0.3765625 0.00390625 0.0015625
6 0.21640625 0.38203125 0.00390625 0.00234375
6 0.178125 0.39453125 0.0078125 0.00234375
6 0.3796875 0.4015625 0.0046875 0.00234375
6 0.39921875 0.40859375 0.00703125 0.00234375
6 0.3921875 0.34765625 0.00546875 0.00234375
6 0.3078125 0.55 0.01015625 0.0046875
6 0.3734375 0.53125 0.00703125 0.003125
6 0.39609375 0.56328125 0.00625 0.00390625
6 0.42578125 0.54375 0.00546875 0.00390625
6 0.4015625 0.5265625 0.0046875 0.00234375
6 0.37421875 0.50546875 0.00859375 0.00390625
6 0.33828125 0.50078125 0.00703125 0.00234375
6 0.3140625 0.49921875 0.00703125 0.003125
6 0.34453125 0.63046875 0.00546875 0.00234375
6 0.36484375 0.62578125 0.00703125 0.00234375
6 0.33203125 0.60703125 0.0046875 0.0015625
6 0.31875 0.6171875 0.00546875 0.00234375
6 0.50234375 0.53984375 0.00703125 0.00390625
6 0.38359375 0.696875 0.00625 0.003125