8 0.13125 0.66953125 0.05703125 0.025
6 0.21953125 0.65625 0.02578125 0.0109375
8 0.18359375 0.64453125 0.00859375 0.00390625
8 0.4140625 0.7765625 0.0265625 0.02734375
8 0.27578125 0.7796875 0.0140625 0.0265625
6 0.36796875 0.71015625 0.00859375 0.00703125
6 0.38359375 0.67109375 0.01015625 0.0078125
6 0.51640625 0.7515625 0.0578125 0.03125
7 0.7296875 0.64765625 0.02265625 0.01796875
6 0.715625 0.615625 0.07421875 0.028125
6 0.6515625 0.5953125 0.03125 0.04140625
6 0.615625 0.5671875 0.0140625 0.0171875
6 0.65546875 0.534375 0.02890625 0.0171875
6 0.640625 0.53828125 0.0078125 0.00859375
8 0.5828125 0.53359375 0.0109375 0.0046875
8 0.6578125 0.4640625 0.00703125 0.0046875
6 0.61328125 0.49765625 0.0078125 0.00390625
8 0.48515625 0.5703125 0.00859375 0.0046875
6 0.57421875 0.415625 0.01953125 0.00859375
6 0.403125 0.4140625 0.03359375 0.0140625
6 0.2703125 0.30078125 0.08671875 0.02265625
6 0.30625 0.2875 0.0359375 0.01640625
8 0.39765625 0.38125 0.01171875 0.00859375
8 0.60234375 0.37421875 0.0140625 0.00546875
8 0.6078125 0.92421875 0.02421875 0.0171875