6 0.2296875 0.49453125 0.3078125 0.19296875
6 0.08984375 0.50234375 0.10546875 0.06953125
6 0.0796875 0.4 0.11953125 0.06953125
6 0.296875 0.27265625 0.065625 0.0515625
6 0.4078125 0.19375 0.05859375 0.0328125
6 0.64453125 0.1515625 0.115625 0.05390625
6 0.55078125 0.06328125 0.046875 0.02890625
6 0.45390625 0.03515625 0.04375 0.02734375
6 0.18359375 0.103125 0.06875 0.0375
6 0.146875 0.18984375 0.0484375 0.02890625
6 0.10234375 0.24140625 0.0671875 0.034375
6 0.82109375 0.19609375 0.0625 0.03671875
6 0.521875 0.90625 0.109375 0.12109375
6 0.60703125 0.94453125 0.065625 0.04375
6 0.5203125 0.68359375 0.05234375 0.046875
6 0.7390625 0.61015625 0.05078125 0.06015625
6 0.6953125 0.5734375 0.04375 0.02734375
6 0.56796875 0.4875 0.0640625 0.02265625
6 0.50234375 0.4140625 0.03671875 0.01640625
6 0.69453125 0.421875 0.02890625 0.025
6 0.75859375 0.359375 0.03203125 0.0265625
6 0.828125 0.29453125 0.04375 0.03125
6 0.1734375 0.40859375 0.03046875 0.03046875
6 0.378125 0.46640625 0.03671875 0.02265625