6 0.7046875 0.5375 0.08046875 0.0703125
6 0.4828125 0.91640625 0.06015625 0.034375
6 0.3609375 0.9875 0.0375 0.025
6 0.11953125 0.875 0.1890625 0.03046875
3 0.503125 0.3890625 0.04375 0.01953125
8 0.334375 0.4359375 0.02734375 0.0109375
3 0.32421875 0.3078125 0.028125 0.01171875
8 0.71171875 0.35546875 0.0375 0.01875
8 0.64609375 0.36484375 0.02421875 0.01015625
7 0.6 0.25546875 0.08359375 0.0171875
8 0.696875 0.30546875 0.03125 0.00625
6 0.50546875 0.29140625 0.565625 0.21484375
6 0.25859375 0.3734375 0.5171875 0.16953125