2 0.6859375 0.48828125 0.0390625 0.02734375
1 0.4015625 0.40078125 0.0203125 0.0125
6 0.34140625 0.425 0.0140625 0.0078125
6 0.41640625 0.42890625 0.0171875 0.00703125
6 0.375 0.4078125 0.01015625 0.00625
6 0.32265625 0.40078125 0.0109375 0.00546875
6 0.409375 0.45 0.0125 0.00625
8 0.453125 0.4765625 0.0109375 0.00546875
6 0.4703125 0.48046875 0.00625 0.00390625
6 0.51640625 0.52734375 0.01015625 0.0078125
6 0.63515625 0.39375 0.00859375 0.0046875
6 0.59453125 0.44921875 0.00703125 0.0046875
6 0.78046875 0.45390625 0.00859375 0.00546875
6 0.7609375 0.51875 0.025 0.0109375
6 0.5109375 0.27109375 0.04609375 0.02109375
6 0.5671875 0.23046875 0.01796875 0.0078125
8 0.57734375 0.21953125 0.01640625 0.00546875
6 0.6453125 0.23828125 0.0234375 0.01328125
6 0.65078125 0.24453125 0.0109375 0.00546875
6 0.65 0.26171875 0.00703125 0.00390625
6 0.6125 0.26015625 0.0046875 0.003125
6 0.66484375 0.240625 0.00625 0.00234375
6 0.69140625 0.253125 0.0078125 0.003125
6 0.74375 0.2796875 0.021875 0.00859375
6 0.803125 0.3359375 0.0109375 0.01015625
6 0.484375 0.175 0.02578125 0.0171875
6 0.45078125 0.2609375 0.009375 0.00546875
6 0.36328125 0.290625 0.009375 0.00703125
6 0.3703125 0.29296875 0.00859375 0.00546875
6 0.80078125 0.32265625 0.03125 0.009375
6 0.87578125 0.2921875 0.00625 0.00390625
6 0.87265625 0.2875 0.00546875 0.00390625
6 0.81171875 0.271875 0.0109375 0.00625
6 0.8671875 0.30546875 0.0109375 0.00390625
6 0.48125 0.21171875 0.00546875 0.003125
6 0.45859375 0.23359375 0.00703125 0.00546875
6 0.58359375 0.2140625 0.00546875 0.003125
6 0.775 0.2125 0.003125 0.003125
6 0.84765625 0.21484375 0.0078125 0.003125
6 0.271875 0.3625 0.0078125 0.00546875
6 0.44765625 0.334375 0.00703125 0.00546875
6 0.45546875 0.3359375 0.00546875 0.0046875
6 0.26796875 0.33515625 0.0140625 0.00703125
6 0.26171875 0.55625 0.00625 0.00625
6 0.27265625 0.6015625 0.01328125 0.00703125
6 0.36875 0.59296875 0.01015625 0.00625
8 0.4125 0.63203125 0.02265625 0.0203125
4 0.33125 0.72734375 0.02421875 0.01328125
2 0.15078125 0.6328125 0.06171875 0.04375
6 0.190625 0.58359375 0.00546875 0.0046875
6 0.0328125 0.4734375 0.0125 0.00625
6 0.125 0.39296875 0.00703125 0.00390625
6 0.2296875 0.3796875 0.00546875 0.003125
6 0.171875 0.3515625 0.0046875 0.003125
6 0.11875 0.32890625 0.00546875 0.003125
6 0.221875 0.2515625 0.00546875 0.003125
6 0.18671875 0.42109375 0.0078125 0.0046875
6 0.18125 0.38984375 0.00546875 0.003125
6 0.028125 0.415625 0.01640625 0.0046875
6 0.03046875 0.378125 0.0046875 0.003125
6 0.00703125 0.35703125 0.0125 0.00703125
6 0.003125 0.34921875 0.00625 0.0046875
6 0.15078125 0.47421875 0.0078125 0.00390625
6 0.05078125 0.50703125 0.00703125 0.0046875
6 0.1640625 0.73515625 0.02265625 0.0109375
6 0.22265625 0.76171875 0.01640625 0.01171875
6 0.2625 0.62109375 0.00703125 0.0078125
6 0.23828125 0.025 0.03671875 0.02109375