6 0.340625 0.75390625 0.64921875 0.1234375
5 0.09921875 0.834375 0.06796875 0.0234375
8 0.4375 0.746875 0.034375 0.01484375
8 0.54609375 0.7625 0.04375 0.01875
6 0.64921875 0.503125 0.20078125 0.10625
6 0.884375 0.4796875 0.175 0.06171875
6 0.28984375 0.5078125 0.19140625 0.02890625
6 0.27578125 0.45859375 0.2140625 0.03359375
6 0.47109375 0.403125 0.07734375 0.02421875
6 0.75859375 0.090625 0.4796875 0.18125
6 0.8578125 0.22265625 0.21796875 0.0265625
6 0.7109375 0.3265625 0.3203125 0.13671875
6 0.78203125 0.3375 0.084375 0.1359375
6 0.1390625 0.325 0.25234375 0.06875
6 0.13359375 0.26875 0.2390625 0.0546875
8 0.11953125 0.27109375 0.0328125 0.01640625
6 0.44453125 0.48828125 0.10859375 0.06796875
8 0.45625 0.48515625 0.0296875 0.02109375
3 0.50078125 0.46953125 0.04765625 0.01484375
8 0.4875 0.48046875 0.0296875 0.015625
8 0.5140625 0.4796875 0.03203125 0.0125
8 0.4984375 0.471875 0.02109375 0.00625
8 0.51015625 0.42578125 0.01953125 0.01171875
9 0.51015625 0.43671875 0.0296875 0.0140625
8 0.46171875 0.378125 0.04296875 0.0125
8 0.59375 0.35 0.01953125 0.02265625
6 0.634375 0.37734375 0.04140625 0.0203125
8 0.51171875 0.38125 0.04609375 0.0125
8 0.54765625 0.37734375 0.0140625 0.01015625
8 0.546875 0.35703125 0.08125 0.021875
8 0.54609375 0.32265625 0.0359375 0.0125
8 0.6734375 0.32734375 0.03984375 0.00859375
8 0.5234375 0.309375 0.02421875 0.01171875
8 0.6359375 0.28515625 0.034375 0.0171875
8 0.6265625 0.24921875 0.0671875 0.01796875
8 0.5640625 0.209375 0.06640625 0.01484375
8 0.54296875 0.24296875 0.02890625 0.01328125
8 0.7953125 0.21171875 0.0265625 0.02109375
8 0.86328125 0.240625 0.028125 0.01484375
8 0.909375 0.22109375 0.04140625 0.01484375
8 0.65859375 0.17421875 0.02734375 0.01796875
8 0.65078125 0.18828125 0.01875 0.01328125
8 0.66640625 0.21015625 0.0359375 0.01328125
8 0.5828125 0.16640625 0.01796875 0.01484375
8 0.61015625 0.01640625 0.03828125 0.01328125
8 0.5609375 0.0359375 0.0453125 0.01484375
8 0.57734375 0.01953125 0.025 0.01015625
8 0.66875 0.05078125 0.0296875 0.02734375
6 0.1046875 0.3734375 0.01875 0.01875
8 0.81015625 0.134375 0.04140625 0.01640625
8 0.7828125 0.12578125 0.03515625 0.01875
8 0.95390625 0.08046875 0.01171875 0.00859375
8 0.8296875 0.07109375 0.02265625 0.00703125
8 0.8921875 0.08828125 0.0125 0.01171875
8 0.6671875 0.07890625 0.021875 0.00703125