6 0.5734375 0.678125 0.07265625 0.03515625
8 0.71953125 0.753125 0.0265625 0.02578125
8 0.63359375 0.77265625 0.02421875 0.0234375
7 0.39921875 0.778125 0.04375 0.03046875
6 0.35703125 0.684375 0.0171875 0.0125
6 0.4484375 0.66171875 0.01484375 0.00703125
6 0.51796875 0.68203125 0.01015625 0.0078125
6 0.521875 0.671875 0.00859375 0.00703125
6 0.534375 0.6703125 0.01953125 0.00859375
6 0.709375 0.7265625 0.0234375 0.01171875
6 0.88203125 0.69609375 0.02109375 0.02109375
6 0.7390625 0.6328125 0.01484375 0.009375
8 0.57109375 0.61953125 0.021875 0.01796875
6 0.54921875 0.646875 0.01953125 0.0125
8 0.7234375 0.60546875 0.01484375 0.0140625
6 0.72578125 0.58984375 0.01484375 0.0140625
6 0.6203125 0.66171875 0.0078125 0.009375
6 0.46171875 0.74453125 0.16015625 0.0265625
6 0.50390625 0.56484375 0.053125 0.025
8 0.571875 0.559375 0.025 0.01328125
6 0.70546875 0.52734375 0.00859375 0.00625
8 0.39609375 0.53125 0.02890625 0.04140625
6 0.40703125 0.5265625 0.021875 0.0125
6 0.4671875 0.49296875 0.0109375 0.00703125
6 0.565625 0.46796875 0.01171875 0.00859375
8 0.50625 0.44296875 0.01796875 0.009375
6 0.4953125 0.4390625 0.009375 0.00703125
8 0.33828125 0.4453125 0.0421875 0.0296875
6 0.30546875 0.44140625 0.00703125 0.01328125
6 0.3140625 0.4390625 0.0078125 0.00546875
6 0.55546875 0.41796875 0.00703125 0.00546875
6 0.56015625 0.5 0.01015625 0.01328125
6 0.30390625 0.578125 0.01015625 0.0109375
6 0.43046875 0.578125 0.00859375 0.0046875
8 0.53125 0.65078125 0.00859375 0.0109375
6 0.6890625 0.38359375 0.0265625 0.0125
6 0.62734375 0.3765625 0.00859375 0.00859375
6 0.609375 0.3859375 0.0203125 0.00703125
6 0.4859375 0.35 0.01015625 0.00703125
6 0.5734375 0.284375 0.01015625 0.00703125
6 0.64609375 0.28984375 0.02578125 0.03671875
6 0.42890625 0.3375 0.03203125 0.034375
6 0.68515625 0.20859375 0.01875 0.0140625
2 0.65859375 0.11875 0.128125 0.07421875
6 0.390625 0.0828125 0.0359375 0.0609375
8 0.778125 0.0515625 0.01640625 0.0109375
6 0.390625 0.003125 0.0234375 0.00625
6 0.20078125 0.015625 0.015625 0.01171875
6 0.1328125 0.09765625 0.0125 0.01171875
6 0.1984375 0.12265625 0.01171875 0.00859375
8 0.1890625 0.13828125 0.02578125 0.01328125
8 0.2203125 0.15234375 0.0265625 0.01953125
6 0.209375 0.41484375 0.028125 0.02421875
6 0.2453125 0.42421875 0.0171875 0.0140625
6 0.04375 0.584375 0.01171875 0.01015625
6 0.07578125 0.60859375 0.01484375 0.01015625
6 0.14765625 0.63359375 0.0078125 0.00625
6 0.20703125 0.69453125 0.01171875 0.0078125
6 0.18203125 0.634375 0.01328125 0.01171875
6 0.165625 0.61875 0.03203125 0.04140625
6 0.13125 0.63046875 0.00859375 0.00859375
6 0.12890625 0.61875 0.00546875 0.0046875
6 0.0359375 0.56015625 0.0109375 0.01171875
6 0.06953125 0.51484375 0.00625 0.009375
6 0.06015625 0.5234375 0.009375 0.00859375
6 0.0734375 0.54296875 0.0109375 0.01015625
6 0.1171875 0.559375 0.01015625 0.00546875
6 0.1078125 0.5875 0.0109375 0.00703125
6 0.18515625 0.56484375 0.0125 0.01328125
6 0.065625 0.8 0.01484375 0.0078125
6 0.2453125 0.8140625 0.01484375 0.01171875
6 0.21015625 0.78203125 0.01640625 0.0125
6 0.18984375 0.8296875 0.01875 0.0125
6 0.225 0.81796875 0.0109375 0.0078125
6 0.22265625 0.8 0.0109375 0.0078125
6 0.2703125 0.809375 0.00625 0.00703125
6 0.47265625 0.771875 0.0078125 0.01015625
6 0.07109375 0.9671875 0.015625 0.00859375
6 0.03828125 0.975 0.02265625 0.01171875
6 0.13671875 0.99453125 0.00859375 0.00859375
8 0.4234375 0.9890625 0.02109375 0.0140625
6 0.7421875 0.86640625 0.0203125 0.01171875
6 0.79453125 0.88828125 0.01875 0.0109375
6 0.8875 0.93125 0.01171875 0.00859375
6 0.878125 0.9578125 0.01796875 0.0125
6 0.9140625 0.98671875 0.02578125 0.02578125
6 0.634375 0.81484375 0.01640625 0.0078125