6 0.4203125 0.51640625 0.16484375 0.25859375
7 0.709375 0.346875 0.04765625 0.02734375
6 0.5625 0.4421875 0.06484375 0.0578125
6 0.7640625 0.55625 0.01796875 0.01171875
6 0.790625 0.60625 0.01875 0.0109375
6 0.81171875 0.621875 0.01484375 0.00703125
6 0.82265625 0.4921875 0.01875 0.01015625
6 0.871875 0.4671875 0.0171875 0.0078125
6 0.83984375 0.4265625 0.0203125 0.0109375
6 0.82421875 0.36796875 0.01953125 0.0140625
6 0.6390625 0.3890625 0.0171875 0.0078125
6 0.76953125 0.31328125 0.01015625 0.00859375
6 0.6171875 0.2671875 0.015625 0.009375
6 0.6640625 0.2671875 0.01171875 0.00390625
8 0.83828125 0.221875 0.03828125 0.01171875
8 0.4890625 0.1515625 0.0625 0.0265625
6 0.61015625 0.21328125 0.0171875 0.00390625
6 0.61328125 0.2109375 0.0109375 0.00546875
6 0.6828125 0.1953125 0.01328125 0.0078125
6 0.8234375 0.15390625 0.01328125 0.00703125
6 0.753125 0.1703125 0.01171875 0.00625
6 0.8265625 0.13203125 0.0078125 0.00703125
6 0.8390625 0.11640625 0.01171875 0.00703125
6 0.80703125 0.1046875 0.0203125 0.00546875
6 0.73359375 0.11328125 0.01328125 0.00859375
6 0.54296875 0.1046875 0.0171875 0.009375
6 0.49921875 0.1109375 0.0125 0.00859375
6 0.53125 0.1328125 0.01328125 0.00703125
6 0.775 0.28359375 0.00859375 0.00546875
6 0.79765625 0.2484375 0.0171875 0.00859375
8 0.109375 0.3125 0.04375 0.015625
6 0.115625 0.33359375 0.01328125 0.0046875
6 0.17265625 0.28984375 0.01328125 0.00859375
6 0.20078125 0.2375 0.01171875 0.01484375
6 0.42109375 0.94140625 0.13828125 0.0796875
6 0.6671875 0.9359375 0.01953125 0.01328125
6 0.965625 0.921875 0.0125 0.00546875
6 0.1703125 0.93203125 0.01171875 0.0078125
6 0.63828125 0.82734375 0.0125 0.0078125
6 0.74765625 0.68359375 0.0109375 0.009375
6 0.9078125 0.71015625 0.01015625 0.009375
6 0.459375 0.6765625 0.02734375 0.0109375
6 0.4515625 0.66640625 0.0265625 0.00625
6 0.44765625 0.64921875 0.02265625 0.00703125
6 0.90859375 0.740625 0.0125 0.0078125
6 0.76484375 0.69921875 0.0109375 0.00859375
6 0.97578125 0.7609375 0.015625 0.0125
6 0.490625 0.72109375 0.03515625 0.0140625
6 0.46953125 0.784375 0.01640625 0.009375
6 0.4625 0.7921875 0.021875 0.0078125
6 0.546875 0.80546875 0.01796875 0.00859375
6 0.29375 0.47109375 0.01953125 0.009375
6 0.2734375 0.53046875 0.021875 0.0078125