8 0.53125 0.64453125 0.05 0.03671875
6 0.5 0.58515625 0.15234375 0.040625
6 0.35703125 0.56015625 0.0921875 0.0859375
6 0.27890625 0.50703125 0.02265625 0.02890625
6 0.38515625 0.621875 0.01875 0.009375
6 0.4203125 0.68671875 0.0109375 0.009375
6 0.37890625 0.85859375 0.01171875 0.01328125
6 0.1296875 0.8796875 0.11484375 0.059375
6 0.03828125 0.77265625 0.01953125 0.0109375
6 0.046875 0.59765625 0.01953125 0.0109375
6 0.01484375 0.5578125 0.01953125 0.01640625
4 0.0046875 0.53203125 0.009375 0.01015625
4 0.1421875 0.5125 0.02421875 0.0109375
6 0.34609375 0.43203125 0.04921875 0.03046875
6 0.3109375 0.44296875 0.021875 0.015625
6 0.24609375 0.36875 0.0171875 0.0078125
6 0.2453125 0.35859375 0.0140625 0.00625
6 0.1921875 0.44375 0.0140625 0.0078125
6 0.32890625 0.29140625 0.01015625 0.00625
6 0.33828125 0.32890625 0.0046875 0.003125
6 0.36015625 0.471875 0.00859375 0.00546875
8 0.77578125 0.715625 0.01171875 0.00859375
8 0.82890625 0.6921875 0.01015625 0.00859375
6 0.4328125 0.70546875 0.01640625 0.009375
6 0.315625 0.6421875 0.0140625 0.00859375
6 0.1796875 0.25625 0.0203125 0.0109375
6 0.1390625 0.20859375 0.0296875 0.0125
6 0.06640625 0.2421875 0.0140625 0.00546875
6 0.03359375 0.24375 0.0140625 0.00546875
6 0.04609375 0.24296875 0.009375 0.003125
6 0.25546875 0.1859375 0.0171875 0.00703125
6 0.21484375 0.17734375 0.015625 0.0078125
6 0.20078125 0.1828125 0.00859375 0.0046875
6 0.2578125 0.11875 0.0125 0.00703125
6 0.184375 0.1203125 0.01875 0.009375
6 0.18046875 0.10390625 0.01015625 0.0078125
6 0.06640625 0.07421875 0.0109375 0.00859375
6 0.9671875 0.29296875 0.015625 0.0078125
6 0.6390625 0.5 0.01875 0.0078125
6 0.73359375 0.68671875 0.00625 0.0078125
6 0.6953125 0.34375 0.009375 0.00703125