6 0.503125 0.63984375 0.18046875 0.121875
6 0.27109375 0.45546875 0.0296875 0.071875
6 0.1375 0.06171875 0.06640625 0.06484375
6 0.53125 0.25234375 0.04453125 0.04375
6 0.509375 0.36484375 0.0328125 0.0171875
6 0.66328125 0.06484375 0.01953125 0.03203125
6 0.81875 0.11484375 0.0265625 0.03359375
6 0.44140625 0.18203125 0.03671875 0.0234375
6 0.35625 0.30390625 0.021875 0.025
8 0.446875 0.7796875 0.1078125 0.103125
8 0.6 0.8703125 0.0328125 0.03203125
6 0.11484375 0.7046875 0.03828125 0.03359375
8 0.55546875 0.4578125 0.0328125 0.01953125
6 0.35625 0.3734375 0.04453125 0.046875
6 0.39765625 0.484375 0.03828125 0.02890625
6 0.6265625 0.271875 0.0328125 0.025
6 0.80078125 0.19609375 0.03125 0.02734375
6 0.709375 0.41640625 0.03671875 0.0296875
6 0.07734375 0.81328125 0.0296875 0.025