8 0.33828125 0.4515625 0.0609375 0.0546875
6 0.63125 0.6234375 0.04296875 0.0484375
6 0.57890625 0.70703125 0.04609375 0.0171875
8 0.49453125 0.9203125 0.04921875 0.03984375
6 0.53125 0.93125 0.06796875 0.059375
8 0.47109375 0.478125 0.01640625 0.02578125
6 0.4953125 0.4171875 0.03828125 0.03125
8 0.53359375 0.1640625 0.04140625 0.053125
6 0.07734375 0.41796875 0.0265625 0.025
6 0.04140625 0.63203125 0.03671875 0.0234375
6 0.34296875 0.3203125 0.025 0.01328125
6 0.42265625 0.33203125 0.04140625 0.02578125
6 0.43046875 0.375 0.03125 0.0359375
6 0.65703125 0.26171875 0.03828125 0.04453125
6 0.12890625 0.0875 0.0625 0.03125
8 0.24609375 0.30390625 0.0234375 0.01953125