6 0.1359375 0.52578125 0.271875 0.2234375
8 0.04296875 0.60703125 0.0859375 0.1046875
6 0.5875 0.2609375 0.1796875 0.16953125
6 0.6421875 0.28203125 0.178125 0.08671875
8 0.67890625 0.26328125 0.06640625 0.05859375
6 0.40703125 0.1375 0.0625 0.0296875
6 0.29375 0.04296875 0.221875 0.0859375
8 0.54296875 0.0671875 0.02890625 0.03203125
8 0.8515625 0.353125 0.02578125 0.0234375
6 0.98828125 0.465625 0.02109375 0.04765625
6 0.66171875 0.42578125 0.0390625 0.03515625
8 0.19609375 0.68671875 0.03671875 0.0265625
8 0.671875 0.3578125 0.015625 0.02578125