8 0.70625 0.809375 0.08359375 0.040625
8 0.70390625 0.665625 0.1203125 0.03203125
9 0.28125 0.55546875 0.08359375 0.0671875
0 0.56015625 0.48671875 0.07109375 0.078125
6 0.7390625 0.69375 0.246875 0.0390625
8 0.03046875 0.59609375 0.0609375 0.08359375
2 0.2171875 0.5578125 0.08046875 0.07890625
8 0.5921875 0.21875 0.109375 0.0421875
10 0.0671875 0.12890625 0.09296875 0.0609375
6 0.2234375 0.0828125 0.4421875 0.16484375
6 0.584375 0.57578125 0.49609375 0.159375
6 0.52421875 0.809375 0.65859375 0.184375
6 0.0703125 0.8125 0.140625 0.3375
6 0.11015625 0.5203125 0.21484375 0.1578125
6 0.49765625 0.640625 0.9953125 0.59375