6 0.48984375 0.3625 0.159375 0.128125
8 0.01796875 0.07265625 0.0359375 0.0546875
8 0.309375 0.140625 0.04375 0.04140625
8 0.240625 0.06171875 0.0390625 0.0328125
3 0.10234375 0.3515625 0.090625 0.05390625
8 0.34375 0.2421875 0.06953125 0.03359375
8 0.63828125 0.3046875 0.06796875 0.065625
8 0.634375 0.26484375 0.0265625 0.0390625
8 0.14921875 0.91640625 0.0703125 0.034375
8 0.50703125 0.5125 0.0421875 0.0296875
8 0.78828125 0.54140625 0.040625 0.03046875
6 0.77578125 0.5421875 0.12890625 0.07578125
8 0.69765625 0.66875 0.0265625 0.021875
8 0.49921875 0.7375 0.034375 0.01328125
8 0.61328125 0.68125 0.046875 0.0234375
8 0.53125 0.6953125 0.025 0.02109375
8 0.75 0.63203125 0.04453125 0.01484375
8 0.65625 0.615625 0.03515625 0.02109375
8 0.55390625 0.6328125 0.040625 0.03828125
6 0.175 0.57578125 0.06171875 0.05
6 0.08359375 0.6421875 0.05234375 0.0546875
8 0.36015625 0.28515625 0.0546875 0.0484375
3 0.11953125 0.14765625 0.0375 0.028125
8 0.06015625 0.275 0.03125 0.02109375
8 0.14140625 0.25625 0.07265625 0.02734375
8 0.1 0.19375 0.0234375 0.01640625
8 0.45078125 0.03984375 0.03671875 0.02109375
8 0.38203125 0.0625 0.01015625 0.021875
8 0.25546875 0.103125 0.0234375 0.01640625
8 0.37421875 0.1015625 0.0296875 0.0296875
8 0.20703125 0.103125 0.0375 0.0171875
8 0.13203125 0.18828125 0.03203125 0.0203125
8 0.16328125 0.196875 0.02734375 0.02109375
8 0.725 0.07421875 0.03515625 0.0171875
8 0.85078125 0.21328125 0.05859375 0.05234375
8 0.97109375 0.2546875 0.03125 0.02734375
8 0.89140625 0.3046875 0.02890625 0.03828125
8 0.684375 0.88125 0.03984375 0.03125
8 0.60234375 0.096875 0.0265625 0.0296875
8 0.11953125 0.08125 0.0375 0.0171875
8 0.0546875 0.08359375 0.03125 0.01484375
8 0.18828125 0.07421875 0.0453125 0.03828125
8 0.315625 0.22109375 0.02734375 0.0234375
8 0.271875 0.1984375 0.03515625 0.02109375
8 0.37578125 0.2015625 0.02890625 0.02421875
6 0.5359375 0.215625 0.09765625 0.0875
6 0.2703125 0.32109375 0.078125 0.03515625
6 0.4484375 0.234375 0.0421875 0.0328125