6 0.50703125 0.4734375 0.56796875 0.3125
6 0.5109375 0.28671875 0.40703125 0.121875
6 0.26015625 0.171875 0.1234375 0.05390625
6 0.3265625 0.171875 0.09609375 0.05234375
6 0.48359375 0.18984375 0.309375 0.07421875
6 0.4640625 0.14921875 0.075 0.0390625
6 0.3890625 0.1484375 0.078125 0.03515625
6 0.43828125 0.1296875 0.1875 0.0390625
6 0.48046875 0.05625 0.13046875 0.02421875
6 0.52734375 0.07421875 0.05546875 0.021875
6 0.37265625 0.0421875 0.06875 0.01796875
6 0.90703125 0.8375 0.125 0.078125
6 0.7859375 0.890625 0.16953125 0.071875
6 0.29765625 0.8171875 0.5953125 0.365625
6 0.6140625 0.71015625 0.05078125 0.05