6 0.35625 0.03515625 0.06484375 0.02734375
6 0.2734375 0.009375 0.1484375 0.0171875
3 0.14140625 0.04609375 0.0203125 0.01328125
6 0.053125 0.1453125 0.10625 0.05546875
8 0.053125 0.16328125 0.0125 0.009375
6 0.2625 0.08125 0.034375 0.015625
6 0.23046875 0.1296875 0.18203125 0.05859375
6 0.32109375 0.17265625 0.08671875 0.040625
6 0.13828125 0.18984375 0.15078125 0.05546875
3 0.10703125 0.18984375 0.0375 0.01796875
8 0.13359375 0.18984375 0.02109375 0.00703125
8 0.0921875 0.2 0.01796875 0.009375
8 0.1140625 0.18671875 0.0171875 0.00859375
3 0.37890625 0.459375 0.06875 0.03828125
6 0.3734375 0.28828125 0.42265625 0.18359375
8 0.14453125 0.2578125 0.02421875 0.01015625
8 0.20625 0.29609375 0.0171875 0.01015625
3 0.2453125 0.27890625 0.01953125 0.0125
6 0.165625 0.35546875 0.03671875 0.01875
6 0.25234375 0.3640625 0.0390625 0.01171875
8 0.1609375 0.4015625 0.015625 0.015625
8 0.1515625 0.425 0.0171875 0.00859375
8 0.1015625 0.47890625 0.015625 0.01328125
6 0.0671875 0.47890625 0.0375 0.01484375
8 0.15703125 0.4484375 0.00625 0.009375
8 0.1296875 0.48515625 0.0109375 0.00859375
3 0.7859375 0.5 0.109375 0.0625
9 0.61171875 0.734375 0.03125 0.028125
8 0.62734375 0.73359375 0.0234375 0.0203125
8 0.34765625 0.87890625 0.04453125 0.028125
8 0.14609375 0.7765625 0.059375 0.02578125
8 0.44921875 0.65625 0.02421875 0.02578125
6 0.0546875 0.628125 0.109375 0.08984375
6 0.21953125 0.7203125 0.10546875 0.04921875
8 0.7078125 0.8625 0.0234375 0.0203125
8 0.6296875 0.76796875 0.01953125 0.0109375
8 0.68203125 0.825 0.0453125 0.01796875
8 0.659375 0.4765625 0.0375 0.02265625
8 0.58515625 0.72578125 0.0265625 0.0125
6 0.56796875 0.7375 0.2921875 0.1421875
6 0.80703125 0.840625 0.3859375 0.26015625
6 0.63203125 0.5765625 0.7359375 0.3015625