6 0.56953125 0.08515625 0.03203125 0.0125
6 0.55390625 0.10234375 0.1578125 0.02265625
6 0.73671875 0.11875 0.1015625 0.0171875
6 0.71484375 0.1390625 0.03203125 0.01015625
6 0.84375 0.159375 0.30625 0.03671875
6 0.95546875 0.21328125 0.0890625 0.0265625
6 0.99140625 0.25703125 0.0171875 0.0140625
8 0.83828125 0.2875 0.01015625 0.0046875
6 0.73125 0.28671875 0.05078125 0.01875
6 0.765625 0.4140625 0.1609375 0.046875
6 0.553125 0.38515625 0.2015625 0.06484375
6 0.665625 0.34765625 0.315625 0.06875
8 0.58359375 0.30546875 0.0078125 0.0046875
8 0.4453125 0.371875 0.01484375 0.00625
8 0.325 0.28515625 0.0203125 0.0078125
8 0.3921875 0.434375 0.26953125 0.07578125
8 0.209375 0.3953125 0.26484375 0.0875
8 0.70234375 0.5578125 0.5953125 0.22109375
6 0.653125 0.86171875 0.69296875 0.2765625
8 0.521875 0.93671875 0.0265625 0.02578125
8 0.509375 0.75625 0.11015625 0.03046875
8 0.209375 0.7140625 0.01875 0.01328125
8 0.14921875 0.7171875 0.02109375 0.00703125
6 0.13359375 0.7421875 0.04375 0.00859375
8 0.1609375 0.7453125 0.01640625 0.009375
8 0.3796875 0.584375 0.0109375 0.01015625
8 0.2640625 0.4171875 0.015625 0.01171875
8 0.23046875 0.36171875 0.0125 0.00703125
3 0.54765625 0.5484375 0.01875 0.01328125
8 0.41796875 0.534375 0.0125 0.00703125
8 0.30703125 0.26328125 0.01015625 0.00546875
8 0.36015625 0.24765625 0.00859375 0.00625
8 0.3671875 0.24296875 0.00703125 0.0078125
8 0.35546875 0.2421875 0.00859375 0.0046875
8 0.290625 0.26484375 0.021875 0.00390625
8 0.321875 0.26171875 0.00703125 0.00390625
3 0.50390625 0.22734375 0.02734375 0.009375
6 0.50703125 0.18203125 0.03125 0.01640625
6 0.49453125 0.19609375 0.01484375 0.00859375
8 0.8125 0.16953125 0.0109375 0.0046875
8 0.878125 0.16796875 0.0078125 0.00390625
8 0.53359375 0.10390625 0.015625 0.00390625
6 0.0296875 0.978125 0.05546875 0.040625
6 0.12734375 0.95859375 0.0125 0.00625
8 0.04140625 0.89765625 0.01015625 0.00703125
8 0.36328125 0.9515625 0.015625 0.00625