6 0.4484375 0.428125 0.77734375 0.3484375
6 0.5796875 0.2765625 0.090625 0.0453125
4 0.17109375 0.27109375 0.0640625 0.03046875
6 0.07109375 0.3265625 0.0203125 0.01484375
8 0.040625 0.27890625 0.00859375 0.0078125
8 0.275 0.4359375 0.01328125 0.0125
8 0.28125 0.4390625 0.0125 0.01484375
8 0.4359375 0.484375 0.02109375 0.01484375
8 0.4484375 0.48203125 0.01640625 0.01171875
8 0.53046875 0.5625 0.01484375 0.0109375
8 0.50625 0.53984375 0.03203125 0.00859375
8 0.4953125 0.53046875 0.01640625 0.0078125
6 0.64140625 0.6046875 0.0171875 0.01171875
6 0.7421875 0.64296875 0.0125 0.00703125
6 0.7109375 0.62890625 0.0046875 0.003125
6 0.70546875 0.65078125 0.00234375 0.003125
6 0.75703125 0.69765625 0.01640625 0.08359375
6 0.6484375 0.72265625 0.03984375 0.1046875
8 0.70859375 0.82265625 0.0140625 0.0125
7 0.93984375 0.940625 0.040625 0.02578125
6 0.178125 0.09140625 0.35625 0.1828125
6 0.18203125 0.2 0.00859375 0.00546875
6 0.09921875 0.2078125 0.00625 0.00546875
6 0.1671875 0.19765625 0.0140625 0.0125
6 0.02421875 0.1765625 0.02265625 0.00625
6 0.04921875 0.51953125 0.08359375 0.03515625
6 0.14453125 0.50078125 0.01484375 0.00625
6 0.2265625 0.5796875 0.01953125 0.01875
8 0.021875 0.63125 0.0390625 0.01796875
8 0.2078125 0.67109375 0.0296875 0.015625
8 0.1578125 0.70078125 0.015625 0.01328125
6 0.3265625 0.72421875 0.0125 0.01171875
6 0.1625 0.7640625 0.03203125 0.0328125
6 0.425 0.765625 0.00859375 0.025
8 0.5890625 0.69140625 0.00546875 0.0078125
6 0.7078125 0.75 0.0296875 0.0390625
8 0.95390625 0.815625 0.040625 0.01796875
6 0.8859375 0.67265625 0.228125 0.47265625
6 0.571875 0.8390625 0.3890625 0.15
6 0.8828125 0.88828125 0.234375 0.14609375
8 0.4640625 0.265625 0.03203125 0.0125