6 0.50234375 0.82734375 0.99453125 0.3453125
6 0.54609375 0.5015625 0.9078125 0.3
6 0.51640625 0.2171875 0.70390625 0.18671875
6 0.13359375 0.14296875 0.2671875 0.07109375
6 0.028125 0.11171875 0.05625 0.06171875
6 0.478125 0.10390625 0.15234375 0.0453125
6 0.3765625 0.04140625 0.3234375 0.06484375
6 0.28671875 0.09140625 0.159375 0.0578125
6 0.2078125 0.06484375 0.1 0.02421875
8 0.0984375 0.84296875 0.028125 0.0234375
8 0.1796875 0.825 0.0609375 0.01953125
8 0.21484375 0.74765625 0.04140625 0.02265625
8 0.1765625 0.75078125 0.015625 0.01640625
8 0.2140625 0.7734375 0.034375 0.0125
8 0.334375 0.728125 0.02734375 0.01171875
8 0.42421875 0.759375 0.05625 0.02578125
8 0.85078125 0.83984375 0.0359375 0.02890625
8 0.9734375 0.78359375 0.0421875 0.02890625
6 0.06328125 0.74140625 0.09140625 0.0546875
6 0.08984375 0.7484375 0.01796875 0.0109375
6 0.20703125 0.7265625 0.07734375 0.05
6 0.571875 0.67734375 0.09765625 0.0109375
6 0.6765625 0.70859375 0.028125 0.01171875
6 0.575 0.6203125 0.0140625 0.01171875
6 0.56328125 0.6015625 0.0265625 0.0109375
6 0.46328125 0.55625 0.0265625 0.01796875
6 0.48359375 0.5609375 0.01875 0.01171875
6 0.421875 0.5625 0.29375 0.05703125
8 0.2921875 0.51484375 0.015625 0.0171875
8 0.23671875 0.3890625 0.0765625 0.0265625
8 0.3 0.22421875 0.0203125 0.0125
3 0.06875 0.15078125 0.0765625 0.02265625
8 0.1203125 0.14765625 0.02421875 0.01328125
8 0.053125 0.16328125 0.01640625 0.0109375
8 0.03828125 0.16796875 0.01484375 0.009375
8 0.003125 0.1328125 0.00625 0.01171875
8 0.00859375 0.1265625 0.01171875 0.00546875
8 0.51328125 0.084375 0.0109375 0.00625
8 0.17890625 0.07421875 0.0078125 0.00625
6 0.81328125 0.415625 0.1171875 0.0609375