6 0.55234375 0.77578125 0.021875 0.01328125
6 0.37421875 0.6453125 0.0796875 0.0765625
6 0.39296875 0.740625 0.03046875 0.01328125
6 0.33125 0.8609375 0.028125 0.01640625
8 0.51015625 0.6796875 0.0296875 0.034375
8 0.5671875 0.62265625 0.0203125 0.02734375
6 0.5984375 0.6453125 0.0296875 0.0171875
6 0.609375 0.696875 0.0265625 0.03671875
6 0.4125 0.028125 0.04609375 0.0109375
6 0.2984375 0.06484375 0.03203125 0.00859375
8 0.3109375 0.4375 0.0140625 0.01015625
6 0.096875 0.49296875 0.009375 0.01015625
6 0.0734375 0.42734375 0.01484375 0.00859375
6 0.21875 0.459375 0.0140625 0.009375
8 0.35 0.3625 0.0171875 0.01171875