8 0.65078125 0.72109375 0.04375 0.0421875
8 0.4296875 0.6125 0.04140625 0.02578125
8 0.2640625 0.7015625 0.04609375 0.0546875
8 0.4578125 0.72265625 0.02734375 0.034375
8 0.54453125 0.62109375 0.0375 0.034375
8 0.5234375 0.66328125 0.0484375 0.034375
8 0.33125 0.56953125 0.04140625 0.025
8 0.1953125 0.38359375 0.03125 0.03125
8 0.390625 0.38828125 0.028125 0.0203125
8 0.503125 0.16484375 0.0234375 0.03828125
8 0.4625 0.18671875 0.02421875 0.03828125
6 0.4140625 0.06875 0.0609375 0.01640625
8 0.3953125 0.05703125 0.03984375 0.021875