8 0.421875 0.8453125 0.0609375 0.028125
8 0.175 0.80703125 0.01875 0.009375
8 0.07265625 0.81640625 0.0234375 0.01171875
8 0.0375 0.815625 0.02578125 0.015625
8 0.04296875 0.846875 0.0171875 0.0078125
8 0.03359375 0.85703125 0.0078125 0.0046875
6 0.02109375 0.79609375 0.04140625 0.02421875
8 0.0328125 0.67109375 0.01953125 0.01328125
7 0.7453125 0.66484375 0.0484375 0.02578125
6 0.5828125 0.61171875 0.0203125 0.01796875
8 0.66171875 0.62109375 0.0140625 0.01171875
8 0.85078125 0.95390625 0.015625 0.0109375
8 0.97734375 0.86796875 0.01015625 0.00625
8 0.7515625 0.64375 0.021875 0.01484375
8 0.58984375 0.5203125 0.0296875 0.015625
8 0.615625 0.48671875 0.04140625 0.0140625
8 0.30703125 0.415625 0.04453125 0.0109375
6 0.9609375 0.29140625 0.05625 0.02890625
7 0.6734375 0.315625 0.05078125 0.02265625
7 0.7015625 0.32421875 0.04453125 0.01640625
8 0.33046875 0.3203125 0.0390625 0.021875
8 0.3609375 0.3296875 0.03828125 0.0234375
8 0.44609375 0.378125 0.034375 0.0140625
7 0.371875 0.37421875 0.05625 0.01953125
8 0.39296875 0.4078125 0.0234375 0.01328125
8 0.17734375 0.459375 0.009375 0.01953125
8 0.18125 0.43984375 0.0109375 0.00859375
8 0.1453125 0.37421875 0.02265625 0.009375
8 0.2796875 0.3046875 0.0609375 0.00859375
8 0.5734375 0.3578125 0.0375 0.01875
8 0.5578125 0.371875 0.0359375 0.01484375
8 0.49453125 0.15703125 0.0125 0.01171875
6 0.4125 0.17578125 0.01953125 0.01015625
6 0.37890625 0.19765625 0.02421875 0.01171875
8 0.72734375 0.103125 0.01796875 0.0140625
8 0.67109375 0.07890625 0.00703125 0.00859375
8 0.73046875 0.9375 0.01875 0.01328125
8 0.7859375 0.9640625 0.01171875 0.00859375
8 0.790625 0.9734375 0.0109375 0.00625
8 0.79921875 0.996875 0.0109375 0.00625
8 0.8765625 0.8359375 0.00703125 0.0078125
8 0.01015625 0.88203125 0.01953125 0.01875
8 0.03671875 0.7734375 0.01015625 0.00625
8 0.065625 0.490625 0.01171875 0.00546875
8 0.1453125 0.465625 0.009375 0.00703125
8 0.17265625 0.459375 0.009375 0.00546875
1 0.04921875 0.3609375 0.05234375 0.02421875
8 0.18359375 0.38671875 0.02109375 0.009375
1 0.11484375 0.39296875 0.08046875 0.0265625
6 0.23359375 0.34609375 0.2109375 0.08125
6 0.42421875 0.33984375 0.20703125 0.09765625
8 0.3703125 0.31015625 0.02265625 0.01171875
8 0.575 0.32734375 0.05234375 0.01328125
8 0.7828125 0.3421875 0.0265625 0.00703125
8 0.8109375 0.35078125 0.015625 0.01328125
8 0.83984375 0.35703125 0.01796875 0.0125
8 0.7609375 0.340625 0.0171875 0.0109375