6 0.25625 0.328125 0.06328125 0.0296875
8 0.3203125 0.4671875 0.015625 0.02109375
8 0.478125 0.546875 0.02890625 0.01328125
8 0.7 0.86484375 0.01953125 0.02109375
8 0.709375 0.8515625 0.015625 0.02890625
6 0.75859375 0.84609375 0.021875 0.01953125
8 0.790625 0.8375 0.0140625 0.01484375
8 0.80546875 0.83515625 0.0203125 0.0078125
8 0.71640625 0.74921875 0.015625 0.0203125
8 0.72421875 0.73203125 0.0125 0.0171875
6 0.453125 0.1265625 0.01171875 0.00546875
6 0.58671875 0.0578125 0.01484375 0.01328125
8 0.84453125 0.38046875 0.0234375 0.01640625
8 0.34921875 0.0328125 0.38203125 0.065625