8 0.4203125 0.71015625 0.06640625 0.01875
8 0.4859375 0.5578125 0.03984375 0.021875
0 0.48671875 0.57578125 0.0203125 0.015625
6 0.66484375 0.5421875 0.10625 0.040625
6 0.53515625 0.52578125 0.028125 0.009375
6 0.55859375 0.52265625 0.01015625 0.00546875
6 0.5859375 0.52421875 0.0125 0.00703125
6 0.646875 0.64765625 0.0125 0.0125
6 0.45546875 0.53203125 0.01640625 0.01328125
8 0.41484375 0.52109375 0.01171875 0.0125
8 0.5375 0.6140625 0.028125 0.03046875
8 0.54296875 0.4515625 0.01015625 0.00859375
8 0.7359375 0.440625 0.03671875 0.02109375
6 0.68984375 0.4140625 0.01953125 0.021875
8 0.83828125 0.378125 0.02734375 0.0203125
8 0.6359375 0.38046875 0.0234375 0.009375
8 0.66328125 0.36796875 0.02421875 0.0109375
6 0.66953125 0.3890625 0.0125 0.009375
8 0.8296875 0.32265625 0.0140625 0.01484375
6 0.7265625 0.2515625 0.040625 0.01796875
6 0.403125 0.35 0.01015625 0.00859375
6 0.45625 0.34375 0.01953125 0.0078125
6 0.4609375 0.3890625 0.0140625 0.0078125
6 0.52578125 0.26953125 0.02109375 0.01015625
8 0.89921875 0.15390625 0.02578125 0.01796875
8 0.82578125 0.13828125 0.0140625 0.01015625
6 0.8296875 0.215625 0.015625 0.009375
6 0.7578125 0.19375 0.021875 0.0125
6 0.68515625 0.26953125 0.0140625 0.0078125
6 0.65234375 0.27734375 0.009375 0.00859375
8 0.6171875 0.11484375 0.009375 0.009375
8 0.64140625 0.13984375 0.01875 0.0125
6 0.58046875 0.11171875 0.021875 0.01875
6 0.55234375 0.11640625 0.0234375 0.02109375
6 0.5359375 0.1453125 0.01875 0.01171875
6 0.440625 0.14609375 0.1078125 0.0390625
8 0.41875 0.13828125 0.0109375 0.01171875
8 0.47734375 0.15625 0.01328125 0.01015625
8 0.3703125 0.15 0.00703125 0.009375
8 0.409375 0.2046875 0.01015625 0.00859375
8 0.38203125 0.22109375 0.0125 0.009375
6 0.47109375 0.18984375 0.0171875 0.0078125
6 0.3609375 0.140625 0.040625 0.0234375
6 0.3375 0.109375 0.04921875 0.03984375
8 0.33359375 0.1015625 0.01015625 0.01171875
8 0.3734375 0.0828125 0.0171875 0.01171875
8 0.30078125 0.11328125 0.0109375 0.00703125
8 0.29375 0.109375 0.00703125 0.00625
8 0.234375 0.04609375 0.03046875 0.01640625
6 0.328125 0.0671875 0.12890625 0.04921875
8 0.20859375 0.1171875 0.0125 0.01796875
8 0.25546875 0.11171875 0.01328125 0.00703125
8 0.19921875 0.17734375 0.01484375 0.01171875
8 0.228125 0.1734375 0.01015625 0.01171875
8 0.2625 0.21328125 0.02109375 0.01875
6 0.16328125 0.20625 0.0484375 0.03046875
6 0.1578125 0.1234375 0.315625 0.134375
6 0.12265625 0.05703125 0.02734375 0.0203125
8 0.78671875 0.5859375 0.025 0.01640625
8 0.8171875 0.5890625 0.0296875 0.0140625
8 0.50859375 0.71640625 0.03203125 0.0453125
6 0.58359375 0.74375 0.021875 0.01328125
6 0.48515625 0.62421875 0.0078125 0.00625
6 0.3109375 0.421875 0.021875 0.01015625