6 0.5078125 0.84375 0.978125 0.3125
8 0.096875 0.89140625 0.0390625 0.0234375
6 0.87734375 0.85546875 0.05234375 0.04765625
6 0.7875 0.73515625 0.23671875 0.06171875
8 0.61015625 0.75078125 0.02265625 0.0171875
8 0.73125 0.68984375 0.01171875 0.01328125
6 0.94140625 0.703125 0.1171875 0.103125
6 0.8328125 0.61640625 0.0578125 0.03125
6 0.72734375 0.58828125 0.03046875 0.01953125
8 0.59140625 0.65 0.01171875 0.00859375
6 0.56484375 0.6765625 0.0140625 0.00703125
6 0.19375 0.51796875 0.04765625 0.02265625
6 0.3140625 0.5359375 0.08125 0.0640625
6 0.046875 0.59609375 0.0890625 0.04140625
6 0.621875 0.49296875 0.0625 0.05
6 0.6140625 0.50078125 0.02890625 0.01171875
6 0.78984375 0.5078125 0.02734375 0.0125
6 0.721875 0.43515625 0.0078125 0.00546875
6 0.76328125 0.45625 0.01171875 0.0078125
6 0.6671875 0.4015625 0.0921875 0.03203125
6 0.60625 0.4484375 0.02109375 0.01953125
6 0.55859375 0.42109375 0.0078125 0.0046875
8 0.578125 0.4359375 0.00546875 0.00703125
6 0.52265625 0.4203125 0.02109375 0.02578125
6 0.5171875 0.41953125 0.00390625 0.00546875
8 0.5671875 0.45234375 0.00546875 0.00546875
6 0.50390625 0.46875 0.00390625 0.003125
6 0.5265625 0.50234375 0.00390625 0.003125
6 0.5671875 0.48515625 0.00625 0.00390625
6 0.57890625 0.50546875 0.0046875 0.003125
6 0.68984375 0.5265625 0.009375 0.00625
6 0.45703125 0.69609375 0.00625 0.00703125
6 0.55078125 0.684375 0.00703125 0.003125
6 0.22265625 0.7734375 0.0125 0.00625
6 0.20625 0.59921875 0.01015625 0.00390625
6 0.39609375 0.296875 0.071875 0.02734375
6 0.371875 0.30546875 0.009375 0.00390625
6 0.34765625 0.33828125 0.009375 0.0078125
6 0.35390625 0.346875 0.0078125 0.00546875
6 0.346875 0.215625 0.03671875 0.02421875
6 0.48359375 0.19765625 0.0234375 0.02890625
6 0.2078125 0.23984375 0.046875 0.01953125
5 0.1953125 0.14921875 0.03828125 0.0296875
6 0.21015625 0.1609375 0.0140625 0.0046875
6 0.22109375 0.13984375 0.00703125 0.00234375
8 0.228125 0.1421875 0.00859375 0.003125
8 0.25703125 0.1453125 0.0046875 0.00390625
8 0.26640625 0.15390625 0.0046875 0.00234375
6 0.28125 0.1640625 0.003125 0.003125
6 0.22109375 0.1609375 0.00703125 0.00390625
8 0.328125 0.296875 0.0078125 0.00546875
6 0.24375 0.3109375 0.00390625 0.003125
6 0.20625 0.33828125 0.0046875 0.00234375
6 0.2515625 0.3484375 0.0046875 0.00234375
6 0.32578125 0.34140625 0.00859375 0.00625
6 0.396875 0.33203125 0.00859375 0.003125
6 0.41640625 0.3703125 0.00546875 0.00703125
6 0.4640625 0.371875 0.00390625 0.00625
6 0.4671875 0.365625 0.00390625 0.003125
6 0.1703125 0.40234375 0.00625 0.0046875
6 0.04921875 0.0953125 0.0984375 0.03515625
6 0.1484375 0.07109375 0.03515625 0.01484375
6 0.17734375 0.0640625 0.01171875 0.00703125
6 0.17890625 0.07578125 0.00390625 0.00390625
6 0.16875 0.071875 0.00390625 0.00390625
6 0.3109375 0.0734375 0.04140625 0.0140625
6 0.35703125 0.10859375 0.02265625 0.00625
6 0.40078125 0.08515625 0.021875 0.01484375
6 0.39921875 0.0765625 0.0046875 0.003125
6 0.365625 0.05859375 0.00859375 0.00390625
6 0.4640625 0.07734375 0.0671875 0.0171875
6 0.40625 0.0171875 0.025 0.01796875
6 0.38671875 0.03671875 0.003125 0.00390625
6 0.44609375 0.00234375 0.0078125 0.0046875
6 0.5734375 0.2703125 0.02265625 0.01875
6 0.5046875 0.33984375 0.01328125 0.0046875
6 0.5375 0.38984375 0.00859375 0.003125
6 0.5234375 0.38984375 0.00390625 0.00390625
6 0.87109375 0.640625 0.0125 0.00859375
6 0.84375 0.6609375 0.0078125 0.0078125
6 0.84765625 0.7421875 0.01171875 0.00703125
6 0.76953125 0.79765625 0.0109375 0.0046875
6 0.05 0.009375 0.04375 0.01875
6 0.09609375 0.03984375 0.01484375 0.00625
6 0.16796875 0.0359375 0.0125 0.00859375
6 0.1265625 0.00625 0.01015625 0.0125