6 0.2015625 0.18125 0.10390625 0.04375
6 0.21328125 0.31171875 0.23046875 0.0890625
8 0.740625 0.54921875 0.05625 0.0234375
6 0.459375 0.35546875 0.1578125 0.05
8 0.19921875 0.43515625 0.071875 0.05546875
6 0.2359375 0.53671875 0.13125 0.03828125
8 0.10546875 0.72890625 0.0484375 0.02109375
6 0.08203125 0.78125 0.1640625 0.06171875
8 0.01171875 0.76875 0.02265625 0.021875
6 0.50625 0.92265625 0.0375 0.0390625
6 0.0515625 0.97578125 0.103125 0.0484375
6 0.65546875 0.29296875 0.109375 0.03828125
8 0.2796875 0.190625 0.03515625 0.02265625