6 0.15859375 0.16953125 0.03984375 0.0734375
8 0.54140625 0.64375 0.12734375 0.059375
6 0.0375 0.6796875 0.03828125 0.025
8 0.984375 0.1484375 0.03125 0.0546875
6 0.38125 0.28515625 0.028125 0.0125
6 0.1 0.52890625 0.028125 0.01328125
6 0.290625 0.5734375 0.04296875 0.02578125
6 0.35078125 0.6484375 0.0296875 0.0421875
6 0.37734375 0.7390625 0.0265625 0.02265625
6 0.68046875 0.72890625 0.03125 0.0296875
6 0.621875 0.83984375 0.03984375 0.02578125
6 0.8828125 0.69921875 0.0234375 0.05234375
6 0.87109375 0.425 0.0265625 0.03828125
6 0.86015625 0.32265625 0.04921875 0.02734375
8 0.33203125 0.228125 0.06953125 0.0421875
8 0.3875 0.59609375 0.028125 0.0125
6 0.184375 0.68359375 0.03828125 0.02265625
6 0.25859375 0.9 0.03828125 0.0421875
6 0.45 0.28125 0.0296875 0.034375
8 0.41640625 0.0859375 0.03671875 0.01953125
6 0.1984375 0.13984375 0.1453125 0.096875