8 0.1984375 0.35703125 0.07109375 0.0703125
8 0.1125 0.1453125 0.06328125 0.06875
6 0.42421875 0.278125 0.03046875 0.034375
7 0.60859375 0.56328125 0.0171875 0.02421875
7 0.7296875 0.6484375 0.0203125 0.01640625
7 0.37890625 0.6609375 0.01171875 0.0140625
7 0.1078125 0.796875 0.01328125 0.015625
7 0.3390625 0.134375 0.01640625 0.0265625
7 0.19609375 0.034375 0.0171875 0.02421875
6 0.53515625 0.0921875 0.021875 0.021875
6 0.17109375 0.7875 0.0140625 0.0109375
6 0.0984375 0.834375 0.021875 0.02421875
6 0.7671875 0.94609375 0.01484375 0.01640625