6 0.44453125 0.42265625 0.10859375 0.03671875
7 0.82734375 0.909375 0.04375 0.02578125
6 0.8890625 0.95703125 0.01015625 0.02890625
6 0.9828125 0.90625 0.03359375 0.00625
6 0.7625 0.8921875 0.01328125 0.01171875
8 0.84921875 0.8734375 0.0140625 0.009375
6 0.8734375 0.8640625 0.01015625 0.01328125
6 0.22421875 0.8515625 0.0359375 0.03359375
6 0.3609375 0.759375 0.03203125 0.05390625
6 0.80703125 0.7390625 0.0125 0.01015625
6 0.9296875 0.765625 0.01640625 0.009375
6 0.95234375 0.759375 0.0296875 0.0125
6 0.76875 0.6484375 0.0359375 0.01875
6 0.84765625 0.6671875 0.02421875 0.0109375
6 0.846875 0.6359375 0.01328125 0.0109375
6 0.79453125 0.6203125 0.01171875 0.0140625
6 0.5859375 0.6265625 0.0375 0.04609375
7 0.6203125 0.56484375 0.0171875 0.01953125
6 0.5421875 0.509375 0.015625 0.00859375
6 0.61328125 0.496875 0.01328125 0.0078125
6 0.76015625 0.50390625 0.021875 0.02109375
6 0.62421875 0.53671875 0.01328125 0.0078125
6 0.95390625 0.50078125 0.0921875 0.0265625
6 0.94765625 0.44765625 0.01328125 0.01015625
6 0.70234375 0.43359375 0.0171875 0.01171875
6 0.61640625 0.39296875 0.01953125 0.01484375
6 0.66875 0.3515625 0.0171875 0.01484375
6 0.8171875 0.19765625 0.03125 0.015625
6 0.528125 0.1296875 0.01484375 0.009375
8 0.11484375 0.57109375 0.03046875 0.02890625