8 0.8890625 0.83671875 0.02421875 0.03203125
6 0.7203125 0.58828125 0.02109375 0.02578125
6 0.7765625 0.5796875 0.02890625 0.02578125
6 0.80859375 0.5671875 0.01875 0.01640625
6 0.97890625 0.671875 0.0359375 0.02421875
8 0.84140625 0.59609375 0.015625 0.0203125
6 0.71796875 0.43984375 0.0890625 0.0609375
6 0.1421875 0.28046875 0.0375 0.01484375
6 0.1828125 0.259375 0.03671875 0.01640625
6 0.7 0.27265625 0.0421875 0.02578125
6 0.2046875 0.32734375 0.0296875 0.025
6 0.24609375 0.42734375 0.03671875 0.021875
6 0.1953125 0.425 0.02578125 0.0234375
6 0.2046875 0.45546875 0.0265625 0.01796875
6 0.1140625 0.17265625 0.02890625 0.02109375
6 0.08203125 0.0828125 0.034375 0.021875