6 0.459375 0.51484375 0.2390625 0.1296875
8 0.4265625 0.7109375 0.03046875 0.01796875
6 0.43984375 0.790625 0.075 0.05546875
6 0.309375 0.73671875 0.015625 0.0125
6 0.2640625 0.74921875 0.01875 0.009375
6 0.1375 0.83671875 0.0140625 0.0109375
6 0.690625 0.5671875 0.03046875 0.0109375
6 0.646875 0.61875 0.0140625 0.00859375
6 0.64609375 0.5359375 0.0109375 0.00859375
6 0.4703125 0.29765625 0.01015625 0.009375
6 0.446875 0.296875 0.01640625 0.0078125
6 0.42421875 0.3078125 0.01328125 0.0109375
6 0.29296875 0.26328125 0.009375 0.00546875
6 0.3078125 0.25703125 0.0140625 0.0078125
6 0.37421875 0.359375 0.009375 0.00703125
6 0.2484375 0.42734375 0.0203125 0.0109375
6 0.17421875 0.45234375 0.01328125 0.00859375
8 0.15390625 0.16875 0.03515625 0.0171875
6 0.70625 0.1484375 0.01328125 0.00703125
6 0.61640625 0.00234375 0.01171875 0.0046875
6 0.91328125 0.084375 0.00625 0.00546875
6 0.32578125 0.16484375 0.0171875 0.0109375
6 0.54765625 0.2125 0.0171875 0.00859375
8 0.596875 0.22890625 0.0140625 0.0078125
8 0.48984375 0.21015625 0.01484375 0.00625
6 0.22890625 0.021875 0.025 0.0109375
8 0.1984375 0.371875 0.0375 0.0625