6 0.53359375 0.34453125 0.0828125 0.0453125
8 0.2859375 0.4515625 0.08828125 0.02265625
8 0.3765625 0.28046875 0.05234375 0.03046875
6 0.0828125 0.2609375 0.01796875 0.009375
6 0.096875 0.1765625 0.01328125 0.01015625
6 0.38515625 0.1703125 0.01640625 0.0140625
8 0.63828125 0.11328125 0.028125 0.01796875
6 0.64609375 0.28046875 0.01171875 0.01015625
8 0.89921875 0.278125 0.03984375 0.0234375
6 0.409375 0.08515625 0.01171875 0.0078125
6 0.46875 0.121875 0.0078125 0.0078125
6 0.7765625 0.11796875 0.0109375 0.00703125
6 0.02578125 0.00546875 0.025 0.0109375
6 0.3890625 0.41796875 0.0265625 0.02109375
0 0.1984375 0.8875 0.04375 0.03046875
6 0.23359375 0.85859375 0.00859375 0.00859375
6 0.33671875 0.74375 0.01015625 0.0078125
6 0.2859375 0.72734375 0.0140625 0.01328125
6 0.20234375 0.67734375 0.0171875 0.00703125
6 0.51953125 0.6140625 0.01640625 0.015625
8 0.1546875 0.609375 0.01640625 0.01953125
8 0.26875 0.60234375 0.03046875 0.02109375
8 0.32890625 0.57578125 0.009375 0.00625
6 0.92578125 0.421875 0.0125 0.0109375
6 0.9875 0.84140625 0.0140625 0.01328125
8 0.6625 0.771875 0.02421875 0.01796875
8 0.6375 0.78984375 0.01796875 0.0140625
6 0.0484375 0.69765625 0.0125 0.01015625