0 0.43984375 0.4359375 0.08671875 0.03984375
8 0.5234375 0.76328125 0.0453125 0.0515625
6 0.30703125 0.14609375 0.04765625 0.0578125
6 0.215625 0.2 0.04375 0.034375
6 0.13828125 0.18046875 0.0328125 0.02421875
6 0.07265625 0.26953125 0.02578125 0.01796875
6 0.2625 0.3671875 0.03046875 0.01875
6 0.359375 0.29140625 0.03125 0.0140625
6 0.26875 0.23125 0.028125 0.01484375
6 0.71484375 0.28828125 0.021875 0.01484375
6 0.59453125 0.26171875 0.025 0.01796875
6 0.57578125 0.2828125 0.02578125 0.0328125
6 0.784375 0.5 0.02578125 0.0171875
6 0.74765625 0.5734375 0.0359375 0.02109375
6 0.80703125 0.80859375 0.04140625 0.02890625
6 0.58515625 0.9359375 0.02578125 0.02109375
6 0.33125 0.11015625 0.01875 0.02109375
8 0.465625 0.41875 0.03046875 0.03515625