8 0.203125 0.21328125 0.12578125 0.0359375
8 0.55234375 0.24296875 0.065625 0.02109375
8 0.74765625 0.2921875 0.0328125 0.028125
8 0.68046875 0.34296875 0.10859375 0.06171875
8 0.2640625 0.6640625 0.08671875 0.0421875
8 0.66015625 0.1015625 0.06796875 0.025
6 0.51875 0.05 0.32421875 0.1
6 0.25390625 0.10625 0.415625 0.16328125
6 0.68203125 0.16953125 0.35703125 0.11640625
6 0.83671875 0.58984375 0.3265625 0.334375
6 0.90859375 0.28359375 0.1828125 0.16640625
6 0.9265625 0.0671875 0.14609375 0.10625