8 0.34140625 0.4890625 0.05703125 0.021875
6 0.3578125 0.39765625 0.0359375 0.0140625
6 0.49296875 0.40390625 0.01953125 0.009375
6 0.6828125 0.42265625 0.025 0.01171875
6 0.44765625 0.25234375 0.028125 0.01328125
6 0.240625 0.334375 0.03984375 0.00859375
6 0.63828125 0.30234375 0.015625 0.0046875
6 0.60859375 0.51640625 0.0203125 0.02265625
6 0.6234375 0.5234375 0.015625 0.01015625
6 0.771875 0.484375 0.009375 0.00859375
6 0.7953125 0.4796875 0.01015625 0.00546875
6 0.55234375 0.35 0.009375 0.0078125
6 0.728125 0.35703125 0.01484375 0.00546875
6 0.39921875 0.24609375 0.01796875 0.00625
6 0.3328125 0.221875 0.00859375 0.00703125
6 0.5953125 0.17109375 0.01875 0.0125
8 0.10703125 0.03515625 0.04375 0.0265625