8 0.4328125 0.40859375 0.04765625 0.0171875
6 0.3265625 0.37890625 0.01171875 0.00546875
6 0.30859375 0.375 0.01015625 0.00625
6 0.24453125 0.4046875 0.0203125 0.009375
6 0.24375 0.33203125 0.22109375 0.05546875
6 0.3390625 0.27109375 0.05859375 0.03359375
6 0.7359375 0.46953125 0.0265625 0.0234375
6 0.421875 0.66953125 0.02421875 0.009375
6 0.453125 0.62421875 0.01953125 0.00859375
6 0.57578125 0.6828125 0.015625 0.009375
6 0.52421875 0.66953125 0.01328125 0.0109375
6 0.32890625 0.58984375 0.0140625 0.0109375
6 0.49375 0.5796875 0.0125 0.0078125
6 0.59921875 0.640625 0.009375 0.00625
6 0.61171875 0.6453125 0.01015625 0.00625
6 0.51875 0.54375 0.015625 0.00546875
6 0.58046875 0.57265625 0.009375 0.00390625
6 0.5171875 0.56953125 0.01015625 0.00390625
6 0.52109375 0.51953125 0.009375 0.00625
6 0.52578125 0.55078125 0.01484375 0.00625
6 0.50703125 0.528125 0.0078125 0.00625
6 0.5484375 0.48671875 0.01328125 0.00703125
6 0.646875 0.4765625 0.0140625 0.00625
6 0.6015625 0.46640625 0.0171875 0.00703125
6 0.60234375 0.4609375 0.0140625 0.0078125
6 0.56328125 0.428125 0.0078125 0.00546875
6 0.46953125 0.459375 0.00703125 0.00546875
6 0.48671875 0.42421875 0.01171875 0.00625
6 0.58046875 0.45546875 0.00703125 0.00390625
6 0.62109375 0.465625 0.00625 0.00390625
6 0.52109375 0.49375 0.009375 0.0046875
6 0.53515625 0.51015625 0.00703125 0.00546875
6 0.546875 0.5203125 0.009375 0.0078125
6 0.575 0.51171875 0.00625 0.00546875
6 0.43828125 0.665625 0.0125 0.00625
6 0.49296875 0.6390625 0.00703125 0.00546875
6 0.38984375 0.5328125 0.00859375 0.00546875
6 0.571875 0.37578125 0.009375 0.0046875
6 0.575 0.3796875 0.0078125 0.003125
6 0.6484375 0.3578125 0.01875 0.009375
6 0.60703125 0.35 0.01015625 0.0046875
6 0.67578125 0.35234375 0.00703125 0.00546875
6 0.72109375 0.3734375 0.0078125 0.0046875
6 0.6 0.34296875 0.0078125 0.003125
6 0.596875 0.3375 0.00859375 0.00390625
6 0.4859375 0.325 0.00703125 0.00390625
6 0.7390625 0.40859375 0.00859375 0.00546875
6 0.17734375 0.490625 0.021875 0.03984375
6 0.10703125 0.5015625 0.01796875 0.00703125
6 0.26328125 0.4515625 0.01796875 0.00546875
6 0.28828125 0.45 0.0109375 0.00546875
6 0.25078125 0.29609375 0.01015625 0.0078125
6 0.2109375 0.28046875 0.00625 0.00390625
6 0.165625 0.24921875 0.0109375 0.0046875