3 0.57109375 0.42109375 0.046875 0.02265625
3 0.34140625 0.36875 0.02421875 0.02109375
8 0.7125 0.52890625 0.0203125 0.01328125
6 0.80703125 0.57265625 0.03046875 0.01796875
6 0.8484375 0.58828125 0.0203125 0.01171875
6 0.89765625 0.5453125 0.0125 0.01171875
6 0.83671875 0.7765625 0.05234375 0.07109375
6 0.9625 0.84609375 0.04375 0.0328125
6 0.14921875 0.17578125 0.08828125 0.03984375
6 0.33046875 0.27734375 0.03203125 0.04609375
6 0.39375 0.40390625 0.06484375 0.03984375
6 0.87421875 0.43046875 0.0546875 0.02421875