6 0.3796875 0.5953125 0.39921875 0.4203125
8 0.55234375 0.40703125 0.1953125 0.21328125
0 0.40390625 0.46640625 0.06015625 0.07890625
6 0.39765625 0.33671875 0.10859375 0.09140625
6 0.69296875 0.57109375 0.03046875 0.04453125
6 0.74453125 0.54765625 0.01484375 0.02421875
6 0.7578125 0.5375 0.0109375 0.02421875
6 0.7546875 0.60703125 0.0328125 0.05859375
6 0.95859375 0.32578125 0.0265625 0.04453125
6 0.98125 0.3390625 0.0375 0.04375
6 0.7421875 0.37578125 0.02421875 0.03671875
6 0.70546875 0.40078125 0.01640625 0.0296875
6 0.56484375 0.2953125 0.01640625 0.0375
6 0.58046875 0.2640625 0.01953125 0.02890625
6 0.5171875 0.24921875 0.02578125 0.03359375
6 0.80390625 0.4890625 0.02265625 0.02890625
6 0.7265625 0.4390625 0.01640625 0.02890625
6 0.71171875 0.4640625 0.01953125 0.03359375