6 0.31796875 0.35546875 0.0578125 0.0375
6 0.2875 0.33203125 0.01953125 0.0109375
6 0.11171875 0.3359375 0.034375 0.01328125
6 0.15078125 0.28828125 0.02421875 0.0125
6 0.09296875 0.5 0.1265625 0.0515625
6 0.17421875 0.503125 0.02109375 0.01015625
6 0.1984375 0.59375 0.23984375 0.17890625
6 0.34609375 0.57578125 0.01953125 0.00859375
6 0.3015625 0.56015625 0.0140625 0.015625
6 0.50234375 0.8015625 0.01875 0.01640625
6 0.7140625 0.75390625 0.03515625 0.0234375
6 0.80078125 0.371875 0.02578125 0.015625
6 0.69609375 0.3359375 0.02109375 0.0140625
6 0.54921875 0.16640625 0.01953125 0.009375
6 0.44609375 0.1375 0.0109375 0.01015625
6 0.5625 0.015625 0.01484375 0.00703125
6 0.58671875 0.034375 0.015625 0.00859375
6 0.6328125 0.01796875 0.0109375 0.00625
6 0.4359375 0.2734375 0.0171875 0.009375
6 0.1953125 0.1953125 0.0234375 0.0109375