6 0.14921875 0.69921875 0.0578125 0.040625
6 0.184375 0.69375 0.0140625 0.01484375
6 0.375 0.653125 0.03359375 0.03046875
6 0.56640625 0.69140625 0.0203125 0.03671875
8 0.5859375 0.69609375 0.01171875 0.0125
8 0.30546875 0.415625 0.0296875 0.01953125
0 0.26953125 0.41171875 0.009375 0.0109375
8 0.9046875 0.55703125 0.03125 0.0140625
6 0.88203125 0.61640625 0.0421875 0.0203125
6 0.2578125 0.221875 0.0234375 0.009375
8 0.19765625 0.20859375 0.01171875 0.01015625
6 0.14453125 0.25078125 0.01796875 0.00703125
6 0.9875 0.41171875 0.02421875 0.01484375