8 0.95703125 0.665625 0.03828125 0.01640625
6 0.9421875 0.68984375 0.025 0.01484375
6 0.62734375 0.7140625 0.0578125 0.01875
6 0.5421875 0.59921875 0.0140625 0.0078125
6 0.6875 0.64765625 0.015625 0.0078125
6 0.4453125 0.66015625 0.01171875 0.00390625
6 0.4203125 0.70390625 0.00859375 0.00546875
6 0.86484375 0.41953125 0.01640625 0.01328125
6 0.834375 0.44375 0.01328125 0.00546875
6 0.60234375 0.3125 0.00859375 0.00859375
6 0.878125 0.75703125 0.01328125 0.015625
6 0.60390625 0.73828125 0.0171875 0.01015625
6 0.7234375 0.7703125 0.0125 0.00390625
6 0.8578125 0.76796875 0.0078125 0.00625
6 0.9640625 0.75234375 0.009375 0.00625
6 0.803125 0.778125 0.02109375 0.0078125
6 0.8390625 0.65859375 0.00625 0.00390625
6 0.8109375 0.64375 0.01328125 0.00703125
6 0.9078125 0.66015625 0.00546875 0.00390625
6 0.57578125 0.66171875 0.00859375 0.0046875