8 0.4421875 0.33984375 0.03203125 0.01875
5 0.4046875 0.41015625 0.021875 0.0125
8 0.6734375 0.4140625 0.01640625 0.01171875
6 0.24921875 0.95390625 0.02578125 0.025
6 0.71640625 0.92890625 0.0109375 0.00625
6 0.78125 0.8390625 0.01015625 0.00546875
6 0.2734375 0.83671875 0.00859375 0.0046875
6 0.1734375 0.8078125 0.01015625 0.0046875
6 0.665625 0.59765625 0.00703125 0.00625
6 0.66875 0.6046875 0.00390625 0.00390625
6 0.47890625 0.63046875 0.00625 0.003125
6 0.39609375 0.62578125 0.00546875 0.0046875
6 0.79453125 0.73984375 0.00859375 0.00625
6 0.3765625 0.4453125 0.00703125 0.0046875
6 0.2953125 0.3546875 0.00546875 0.0046875
6 0.2953125 0.4734375 0.01328125 0.00546875
6 0.48984375 0.35625 0.0078125 0.0046875
6 0.7015625 0.3515625 0.00703125 0.0046875
6 0.72421875 0.3953125 0.00546875 0.0046875
6 0.51640625 0.3203125 0.0078125 0.00625
6 0.41640625 0.2859375 0.00859375 0.00625
6 0.265625 0.49453125 0.0078125 0.00703125
6 0.34375 0.4421875 0.00859375 0.00390625
6 0.36640625 0.50703125 0.00859375 0.0046875
6 0.61796875 0.184375 0.0078125 0.0046875
6 0.64765625 0.1953125 0.0109375 0.00546875
6 0.5875 0.17734375 0.0078125 0.00625
6 0.615625 0.3625 0.01171875 0.00703125
6 0.684375 0.4796875 0.0203125 0.01328125
8 0.578125 0.05859375 0.00703125 0.00546875