6 0.5 0.50078125 1 0.60859375
6 0.40390625 0.14296875 0.44140625 0.25390625
3 0.3765625 0.06796875 0.03203125 0.01484375
8 0.26640625 0.1015625 0.0109375 0.01015625
8 0.2296875 0.10546875 0.01953125 0.0078125
8 0.53671875 0.0953125 0.01015625 0.00703125
8 0.51484375 0.109375 0.02890625 0.0140625
8 0.51875 0.1328125 0.0140625 0.01171875
8 0.5328125 0.13125 0.01015625 0.0078125
3 0.47734375 0.16328125 0.01640625 0.0140625
3 0.43671875 0.16953125 0.01953125 0.00859375
8 0.25078125 0.15390625 0.01875 0.01015625
8 0.2609375 0.14609375 0.01796875 0.00625
3 0.32265625 0.19921875 0.0125 0.00625
3 0.32265625 0.2046875 0.0125 0.00546875
3 0.29453125 0.20234375 0.01640625 0.009375
3 0.30703125 0.20703125 0.02109375 0.00859375
9 0.42265625 0.22109375 0.034375 0.009375
8 0.44296875 0.2171875 0.009375 0.00703125
8 0.39921875 0.2296875 0.02578125 0.00546875
8 0.309375 0.23828125 0.01640625 0.00625
3 0.34453125 0.209375 0.02109375 0.0125
7 0.2203125 0.28984375 0.03671875 0.01796875
8 0.16328125 0.27890625 0.01640625 0.015625
8 0.14296875 0.2796875 0.01953125 0.0078125
8 0.21875 0.359375 0.009375 0.00703125
3 0.2703125 0.39296875 0.02109375 0.01484375
3 0.32734375 0.375 0.028125 0.01171875
9 0.31875 0.36640625 0.02890625 0.0109375
8 0.5734375 0.38203125 0.03125 0.03203125
8 0.7828125 0.2078125 0.02109375 0.0109375
9 0.8390625 0.25078125 0.015625 0.0125
2 0.82109375 0.24453125 0.0296875 0.01015625
3 0.7546875 0.27578125 0.04375 0.01640625
7 0.39765625 0.30546875 0.04765625 0.028125
8 0.4765625 0.33125 0.03046875 0.00859375
8 0.5875 0.33515625 0.009375 0.00859375
8 0.57265625 0.33828125 0.00703125 0.0078125
8 0.6 0.36953125 0.01171875 0.01171875
1 0.79609375 0.41328125 0.02890625 0.0109375
3 0.796875 0.3984375 0.01875 0.00859375
8 0.6984375 0.35625 0.025 0.0078125
3 0.95625 0.36796875 0.0875 0.0359375
3 0.66953125 0.4453125 0.0609375 0.03359375
5 0.66484375 0.44140625 0.0484375 0.025
7 0.5796875 0.41875 0.01875 0.01875
5 0.5796875 0.41875 0.021875 0.015625
7 0.57890625 0.4171875 0.01640625 0.01171875
7 0.67265625 0.44609375 0.0640625 0.03203125
4 0.384375 0.50859375 0.0859375 0.03671875
4 0.2828125 0.44296875 0.02890625 0.00703125
2 0.2765625 0.43515625 0.01640625 0.0125
3 0.39609375 0.4109375 0.01953125 0.0109375
3 0.4328125 0.7359375 0.240625 0.01875
8 0.5265625 0.7765625 0.02421875 0.01875