6 0.54609375 0.62890625 0.90703125 0.6828125
6 0.5 0.08046875 1 0.16015625
6 0.85859375 0.228125 0.05 0.05
6 0.84921875 0.26640625 0.0546875 0.02734375
6 0.89375 0.20078125 0.03515625 0.01484375
6 0.6734375 0.246875 0.134375 0.0859375
6 0.76640625 0.2859375 0.0515625 0.0140625
6 0.62109375 0.24921875 0.0140625 0.00703125
8 0.3640625 0.02578125 0.02890625 0.025
8 0.390625 0.025 0.03359375 0.01484375
8 0.50234375 0.07578125 0.02890625 0.01015625
8 0.5640625 0.1125 0.02734375 0.01484375
8 0.25078125 0.06015625 0.01875 0.009375
6 0.2890625 0.05390625 0.2703125 0.1078125
6 0.221875 0.32890625 0.03046875 0.01015625
8 0.3921875 0.3984375 0.04296875 0.0203125
7 0.5734375 0.41328125 0.04375 0.0328125
8 0.6125 0.45078125 0.06171875 0.03828125
8 0.5359375 0.4578125 0.034375 0.021875
8 0.5375 0.43359375 0.0234375 0.025
8 0.4703125 0.41015625 0.0265625 0.0203125
8 0.459375 0.39140625 0.028125 0.01953125
8 0.50390625 0.40390625 0.0296875 0.0203125
8 0.51953125 0.5765625 0.0359375 0.02734375
8 0.5359375 0.5859375 0.0171875 0.021875
2 0.4328125 0.8078125 0.1078125 0.13203125
8 0.3265625 0.64140625 0.025 0.01640625
8 0.33203125 0.64765625 0.01953125 0.0109375
8 0.4484375 0.62421875 0.04765625 0.0265625
8 0.43828125 0.58828125 0.02578125 0.0203125
8 0.39296875 0.58828125 0.07890625 0.02421875
8 0.29296875 0.459375 0.03515625 0.03125
8 0.25078125 0.47109375 0.0375 0.0140625
8 0.334375 0.4984375 0.0328125 0.02421875
8 0.040625 0.38359375 0.04921875 0.01953125
6 0.02421875 0.4171875 0.0484375 0.01875