6 0.34453125 0.6421875 0.06875 0.05
8 0.23125 0.7140625 0.06015625 0.046875
6 0.16953125 0.68203125 0.03671875 0.04296875
6 0.0890625 0.7359375 0.034375 0.015625
6 0.0375 0.82578125 0.03203125 0.01640625
6 0.1375 0.78359375 0.0546875 0.02109375
6 0.04921875 0.97578125 0.0203125 0.015625
6 0.42578125 0.96015625 0.03671875 0.01953125
6 0.53671875 0.77890625 0.03359375 0.0296875
6 0.39609375 0.66171875 0.0390625 0.0203125
6 0.1046875 0.2484375 0.13671875 0.05703125
8 0.371875 0.390625 0.03125 0.01484375