8 0.7359375 0.12734375 0.0390625 0.021875
8 0.11015625 0.5859375 0.05234375 0.03046875
6 0.66328125 0.57734375 0.04296875 0.01640625
6 0.590625 0.62890625 0.01875 0.01484375
6 0.4109375 0.83984375 0.01484375 0.0125
6 0.21484375 0.5875 0.02578125 0.01328125
6 0.26171875 0.59140625 0.0265625 0.01640625
6 0.1578125 0.553125 0.0296875 0.0171875
6 0.2125 0.55390625 0.02421875 0.01484375
8 0.22109375 0.0921875 0.03046875 0.025
6 0.91953125 0.3828125 0.03203125 0.025
6 0.96953125 0.4171875 0.0203125 0.01328125
6 0.7578125 0.534375 0.01875 0.0109375
6 0.5234375 0.48046875 0.02265625 0.0203125
6 0.521875 0.5703125 0.02265625 0.01875
6 0.575 0.52734375 0.03203125 0.0140625
6 0.52890625 0.51328125 0.0390625 0.00625