8 0.65078125 0.6796875 0.06015625 0.0375
8 0.11328125 0.71171875 0.034375 0.02109375
6 0.09140625 0.7453125 0.0328125 0.025
6 0.04296875 0.73515625 0.015625 0.01171875
6 0.03671875 0.78203125 0.01953125 0.03828125
6 0.05390625 0.75859375 0.00625 0.01171875
6 0.01328125 0.7609375 0.0140625 0.0078125
8 0.0640625 0.9171875 0.0265625 0.0328125
6 0.096875 0.940625 0.04765625 0.03515625
6 0.3046875 0.92890625 0.021875 0.01953125
6 0.54609375 0.82109375 0.015625 0.0125
6 0.6625 0.86640625 0.01796875 0.025
8 0.20625 0.7265625 0.0171875 0.01171875
6 0.22109375 0.6671875 0.0140625 0.0046875
6 0.9 0.11875 0.02421875 0.0203125