6 0.60234375 0.19921875 0.0296875 0.03046875
6 0.609375 0.1359375 0.04375 0.028125
6 0.35703125 0.21875 0.02578125 0.01953125
6 0.528125 0.29140625 0.0234375 0.01015625
6 0.75390625 0.2859375 0.02734375 0.0171875
8 0.45078125 0.31484375 0.01328125 0.01171875
8 0.26484375 0.221875 0.0125 0.00859375
6 0.56015625 0.3828125 0.01015625 0.0078125
6 0.59140625 0.3828125 0.0125 0.009375
6 0.609375 0.39453125 0.0078125 0.00625
6 0.6578125 0.40546875 0.01015625 0.01015625
8 0.68515625 0.45234375 0.0203125 0.01640625
6 0.615625 0.365625 0.0078125 0.00625
6 0.7 0.38359375 0.00859375 0.00546875
6 0.69140625 0.3703125 0.00859375 0.00703125
6 0.73984375 0.23828125 0.0078125 0.0078125
6 0.6828125 0.14375 0.009375 0.0078125
6 0.5765625 0.13671875 0.015625 0.01015625
6 0.5484375 0.14140625 0.00625 0.00390625
6 0.540625 0.17109375 0.00703125 0.00546875
6 0.578125 0.0765625 0.00859375 0.00625
6 0.7546875 0.0515625 0.01328125 0.0078125
6 0.4953125 0.08046875 0.00703125 0.00625
6 0.4796875 0.05625 0.00390625 0.00546875
6 0.47890625 0.0375 0.00859375 0.00546875
6 0.49765625 0.03671875 0.00703125 0.003125
6 0.44375 0.33671875 0.009375 0.00546875
8 0.57890625 0.40078125 0.0078125 0.00859375
6 0.628125 0.40625 0.00859375 0.0125
6 0.38125 0.3203125 0.00859375 0.0078125
6 0.40546875 0.3109375 0.00546875 0.00546875
6 0.7578125 0.37109375 0.0125 0.00546875
6 0.80234375 0.32578125 0.015625 0.0046875
8 0.40390625 0.54296875 0.01796875 0.01640625
8 0.50234375 0.5546875 0.021875 0.01796875
6 0.49296875 0.52578125 0.01484375 0.00625
6 0.503125 0.51875 0.003125 0.00390625
6 0.33359375 0.49609375 0.00703125 0.0046875
6 0.51484375 0.63203125 0.01015625 0.00703125
6 0.528125 0.63515625 0.0078125 0.00546875
6 0.53203125 0.6171875 0.0078125 0.00625
6 0.40703125 0.56796875 0.0078125 0.00390625
6 0.35625 0.6390625 0.00703125 0.00625
6 0.34453125 0.65703125 0.00859375 0.00390625
6 0.4765625 0.6671875 0.01015625 0.00390625
6 0.44921875 0.6765625 0.0046875 0.00546875
6 0.64921875 0.55078125 0.00703125 0.00625
6 0.67578125 0.546875 0.01484375 0.00546875
6 0.71328125 0.65078125 0.0203125 0.00703125
10 0.81015625 0.67109375 0.02265625 0.01015625
6 0.6953125 0.678125 0.00859375 0.0046875
8 0.896875 0.5953125 0.02734375 0.0140625
8 0.0765625 0.06796875 0.0171875 0.0125
6 0.07890625 0.071875 0.034375 0.01328125
6 0.3265625 0.0625 0.01015625 0.00390625
6 0.39609375 0.04765625 0.00703125 0.00859375
6 0.52265625 0.125 0.00546875 0.00390625
6 0.57265625 0.12734375 0.01640625 0.009375
8 0.3875 0.1390625 0.0140625 0.0109375
6 0.09921875 0.30078125 0.01328125 0.02265625
6 0.1875 0.3953125 0.0234375 0.009375
6 0.315625 0.36015625 0.00859375 0.00625
6 0.30625 0.35546875 0.00546875 0.00390625
6 0.1859375 0.353125 0.01015625 0.00546875
6 0.296875 0.3328125 0.0109375 0.00625
6 0.33203125 0.28125 0.0078125 0.00625
6 0.09765625 0.5828125 0.01015625 0.00625
6 0.10859375 0.571875 0.01015625 0.0046875
6 0.028125 0.665625 0.0109375 0.00625
6 0.146875 0.7578125 0.0109375 0.00703125
6 0.2875 0.809375 0.01171875 0.00859375
8 0.3625 0.79921875 0.01484375 0.01171875
6 0.3265625 0.75625 0.009375 0.0078125
6 0.4125 0.77578125 0.0125 0.0046875
8 0.81796875 0.91015625 0.021875 0.01640625
6 0.878125 0.8796875 0.01015625 0.00546875
6 0.95 0.896875 0.00625 0.0046875
6 0.85078125 0.8375 0.00703125 0.00546875
6 0.7140625 0.37265625 0.02265625 0.01328125
6 0.59375 0.46484375 0.00703125 0.003125
6 0.584375 0.46484375 0.0046875 0.003125
6 0.403125 0.934375 0.0421875 0.0140625
6 0.72109375 0.94375 0.00859375 0.00625
8 0.69609375 0.93046875 0.0203125 0.00546875