6 0.190625 0.6453125 0.24765625 0.10234375
6 0.04296875 0.6421875 0.0859375 0.053125
6 0.7953125 0.575 0.08359375 0.03984375
6 0.92890625 0.69765625 0.1421875 0.1859375
6 0.9453125 0.6078125 0.09296875 0.059375
8 0.9546875 0.83046875 0.0546875 0.04921875
6 0.89375 0.5578125 0.103125 0.0484375
6 0.97578125 0.45703125 0.04765625 0.0328125
6 0.8953125 0.46484375 0.034375 0.028125
6 0.70625 0.37265625 0.04296875 0.03359375
6 0.54296875 0.27421875 0.04296875 0.0265625
6 0.69140625 0.47421875 0.0421875 0.03984375
6 0.76171875 0.14140625 0.1296875 0.04765625
6 0.83359375 0.09296875 0.0625 0.03515625
8 0.9765625 0.20859375 0.03359375 0.03359375
6 0.8796875 0.93671875 0.15234375 0.053125
6 0.3734375 0.60078125 0.05078125 0.0203125
6 0.69765625 0.60390625 0.08203125 0.03203125
6 0.709375 0.55703125 0.04765625 0.0328125
6 0.3421875 0.31953125 0.03984375 0.02109375
6 0.3828125 0.29609375 0.04296875 0.02109375