8 0.8484375 0.12421875 0.0328125 0.0328125
8 0.7203125 0.18046875 0.021875 0.02421875
8 0.625 0.1453125 0.053125 0.02734375
8 0.621875 0.2453125 0.0765625 0.02421875
3 0.59453125 0.91015625 0.13671875 0.10859375
7 0.484375 0.84140625 0.03671875 0.02421875
8 0.4203125 0.85546875 0.05625 0.03046875
8 0.59296875 0.57265625 0.040625 0.02421875
8 0.6984375 0.48359375 0.0578125 0.028125
8 0.60234375 0.47890625 0.05234375 0.02578125
8 0.61953125 0.48828125 0.03203125 0.02578125
9 0.7140625 0.49140625 0.18515625 0.0765625
8 0.3515625 0.465625 0.0375 0.01796875
8 0.31171875 0.5 0.04296875 0.0078125
8 0.35078125 0.48359375 0.01640625 0.01796875
8 0.396875 0.521875 0.03046875 0.01484375
8 0.9453125 0.8640625 0.0515625 0.0234375
8 0.965625 0.88515625 0.028125 0.01796875
8 0.103125 0.246875 0.0359375 0.01796875
8 0.45234375 0.3265625 0.02734375 0.01796875
8 0.5328125 0.28359375 0.04609375 0.0203125
6 0.721875 0.0875 0.55546875 0.175
8 0.62265625 0.44609375 0.0421875 0.028125
7 0.5078125 0.5125 0.053125 0.021875
6 0.61328125 0.5453125 0.04453125 0.05078125
6 0.32109375 0.33984375 0.64140625 0.45625
6 0.69140625 0.7125 0.6171875 0.57421875