8 0.5203125 0.6296875 0.071875 0.046875
6 0.475 0.4859375 0.01875 0.0125
6 0.5859375 0.51484375 0.0140625 0.0171875
6 0.97421875 0.59296875 0.01953125 0.01484375
6 0.22578125 0.39296875 0.03515625 0.03203125
6 0.35390625 0.41015625 0.02265625 0.0125
6 0.02890625 0.28984375 0.01796875 0.0140625
6 0.0125 0.2125 0.02421875 0.01328125
6 0.09453125 0.25390625 0.01640625 0.01171875
6 0.1921875 0.203125 0.01484375 0.009375
6 0.97421875 0.26796875 0.0515625 0.0625
8 0.89453125 0.2890625 0.02578125 0.01328125
8 0.64375 0.07734375 0.04296875 0.0234375