8 0.54453125 0.5546875 0.0890625 0.040625
6 0.78515625 0.828125 0.02421875 0.0171875
6 0.9171875 0.75546875 0.05859375 0.02734375
6 0.8109375 0.759375 0.0125 0.01796875
8 0.8015625 0.68515625 0.0328125 0.02421875
8 0.65546875 0.59921875 0.025 0.01953125
6 0.76171875 0.38359375 0.015625 0.01640625
8 0.7015625 0.4078125 0.015625 0.0140625
6 0.28125 0.26015625 0.0171875 0.01171875
6 0.4328125 0.12109375 0.0171875 0.01171875
6 0.49765625 0.07109375 0.015625 0.0125
6 0.4703125 0.0453125 0.015625 0.00703125
6 0.83671875 0.14765625 0.01484375 0.0140625
6 0.865625 0.72890625 0.015625 0.028125
6 0.8421875 0.75546875 0.02890625 0.02265625
8 0.86953125 0.896875 0.01484375 0.01640625
8 0.6359375 0.815625 0.0484375 0.03359375
6 0.30859375 0.6078125 0.01875 0.025