5 0.27421875 0.50546875 0.08828125 0.0453125
6 0.21640625 0.50546875 0.0765625 0.0515625
6 0.378125 0.56171875 0.34140625 0.14140625
6 0.72890625 0.553125 0.134375 0.07734375
6 0.97109375 0.57578125 0.028125 0.025
6 0.859375 0.60859375 0.01640625 0.0078125
6 0.7921875 0.42265625 0.05 0.03203125
6 0.82265625 0.4390625 0.0140625 0.0078125
6 0.7671875 0.39453125 0.03203125 0.0234375
6 0.78203125 0.4109375 0.01328125 0.00546875
6 0.8046875 0.403125 0.01484375 0.00546875
6 0.8203125 0.40390625 0.0109375 0.00546875
6 0.8375 0.41796875 0.00625 0.00546875
6 0.74140625 0.4328125 0.00625 0.00234375
6 0.7234375 0.434375 0.015625 0.00546875
6 0.7984375 0.4765625 0.009375 0.00625
6 0.83671875 0.4625 0.00625 0.003125
8 0.9078125 0.45703125 0.0125 0.00390625
6 0.89453125 0.4703125 0.0109375 0.00625
6 0.86875 0.48984375 0.0125 0.00546875
6 0.87578125 0.49453125 0.00703125 0.0046875
6 0.85 0.49453125 0.0078125 0.00546875
6 0.9890625 0.55859375 0.00625 0.00390625
6 0.95859375 0.55 0.00859375 0.003125
6 0.79765625 0.59140625 0.00703125 0.00625
6 0.77734375 0.56875 0.01796875 0.00546875
6 0.778125 0.5765625 0.009375 0.00546875
6 0.7734375 0.5484375 0.009375 0.00625
6 0.69375 0.54453125 0.009375 0.00625
8 0.96015625 0.41015625 0.0109375 0.00703125
8 0.9234375 0.39375 0.009375 0.00390625
6 0.89921875 0.36484375 0.01328125 0.00703125
6 0.95703125 0.365625 0.0109375 0.00546875
6 0.9453125 0.36171875 0.00625 0.00390625
6 0.86640625 0.3375 0.0171875 0.00625
6 0.92578125 0.3171875 0.0125 0.00625
6 0.93984375 0.29921875 0.01328125 0.0046875
8 0.96015625 0.2875 0.01015625 0.00546875
8 0.96953125 0.27109375 0.01484375 0.00546875
6 0.77734375 0.3109375 0.00859375 0.00390625
6 0.8203125 0.30546875 0.0109375 0.0046875
6 0.85078125 0.25234375 0.01640625 0.00703125
6 0.80546875 0.225 0.01875 0.0109375
6 0.8859375 0.23203125 0.01015625 0.00390625
6 0.86953125 0.22890625 0.00859375 0.00390625
6 0.8421875 0.24140625 0.00859375 0.00390625
6 0.96015625 0.16015625 0.01875 0.0125
8 0.51953125 0.23125 0.03671875 0.01328125
6 0.7171875 0.2875 0.04609375 0.015625
6 0.6859375 0.253125 0.0171875 0.01328125
6 0.64609375 0.2140625 0.0171875 0.00703125
6 0.68359375 0.23671875 0.0125 0.0046875
6 0.76640625 0.2 0.00859375 0.009375
6 0.6390625 0.20390625 0.01484375 0.00390625
6 0.93515625 0.23828125 0.01484375 0.00625
6 0.99609375 0.24453125 0.00703125 0.00625
6 0.95859375 0.17421875 0.01171875 0.00625
6 0.8875 0.14765625 0.0140625 0.0046875
6 0.9109375 0.13046875 0.0140625 0.00390625
6 0.85546875 0.12265625 0.01328125 0.0046875
6 0.8140625 0.1078125 0.0125 0.00390625
6 0.85234375 0.09609375 0.01328125 0.0046875
6 0.83984375 0.0890625 0.01015625 0.0046875
6 0.90234375 0.10625 0.009375 0.003125
6 0.7703125 0.06328125 0.015625 0.00703125
6 0.7609375 0.04765625 0.01171875 0.003125
6 0.70078125 0.0734375 0.01171875 0.00703125
6 0.740625 0.06171875 0.01015625 0.0046875
6 0.75703125 0.08671875 0.0140625 0.00390625
6 0.70546875 0.0609375 0.01015625 0.00390625
6 0.709375 0.06328125 0.01015625 0.003125
6 0.68828125 0.0203125 0.01484375 0.00546875
6 0.675 0.03359375 0.01171875 0.003125
6 0.7421875 0.03515625 0.01015625 0.00390625
6 0.63125 0.12734375 0.08828125 0.03828125
6 0.6078125 0.14921875 0.0125 0.00390625
6 0.5546875 0.15 0.01640625 0.02109375
6 0.546875 0.15546875 0.00859375 0.00546875
6 0.59453125 0.16796875 0.01171875 0.00390625
6 0.5171875 0.13984375 0.01015625 0.00390625
6 0.45859375 0.67421875 0.10625 0.0296875
6 0.53046875 0.80625 0.0578125 0.0828125
6 0.6140625 0.8234375 0.0203125 0.0296875
6 0.73515625 0.79921875 0.02265625 0.01171875
6 0.76953125 0.74765625 0.01953125 0.00859375
6 0.32109375 0.8453125 0.02109375 0.0171875
6 0.37421875 0.83671875 0.01328125 0.0078125
6 0.28046875 0.703125 0.01328125 0.00859375
6 0.296875 0.65234375 0.02578125 0.00703125
6 0.58046875 0.67890625 0.02109375 0.01171875
8 0.81640625 0.70078125 0.02734375 0.02421875
8 0.6453125 0.71796875 0.0125 0.0078125
8 0.68046875 0.71171875 0.0109375 0.00546875
6 0.65625 0.696875 0.01171875 0.0046875
4 0.6328125 0.696875 0.0109375 0.0046875
8 0.56484375 0.6546875 0.01328125 0.00703125
6 0.5453125 0.6421875 0.01953125 0.00703125
6 0.4796875 0.65625 0.01015625 0.003125
6 0.053125 0.52265625 0.02734375 0.01796875
6 0.0125 0.5890625 0.025 0.01484375
6 0.09609375 0.5578125 0.01171875 0.00546875
6 0.02578125 0.4859375 0.0125 0.00625
6 0.009375 0.48203125 0.00625 0.0078125
6 0.221875 0.534375 0.02890625 0.01484375
6 0.20546875 0.4546875 0.01328125 0.00546875
6 0.1796875 0.41796875 0.0125 0.00625
6 0.434375 0.453125 0.0140625 0.01171875
6 0.3359375 0.4171875 0.01484375 0.00625
6 0.4265625 0.409375 0.11875 0.00234375
6 0.47265625 0.4234375 0.0125 0.00703125
6 0.46171875 0.42734375 0.0109375 0.00703125
6 0.5390625 0.41484375 0.0109375 0.00546875