8 0.56640625 0.803125 0.02421875 0.01796875
9 0.46640625 0.6140625 0.0484375 0.028125
8 0.40234375 0.59375 0.0375 0.02109375
8 0.609375 0.65078125 0.0375 0.01484375
8 0.62890625 0.56796875 0.04609375 0.02265625
8 0.44375 0.58515625 0.02890625 0.015625
8 0.62421875 0.6125 0.0171875 0.009375
8 0.26015625 0.53671875 0.0265625 0.015625
3 0.475 0.33515625 0.06328125 0.03203125
8 0.5828125 0.31875 0.05546875 0.03828125
8 0.71171875 0.43046875 0.0703125 0.028125
8 0.66640625 0.4078125 0.03046875 0.02421875
8 0.66328125 0.52265625 0.015625 0.01875
8 0.675 0.52734375 0.01171875 0.0125
7 0.37109375 0.46328125 0.046875 0.01640625
3 0.19375 0.1703125 0.02109375 0.01015625
6 0.69921875 0.12421875 0.10234375 0.05
6 0.4171875 0.45625 0.834375 0.740625