0 0.26640625 0.5578125 0.12421875 0.06484375
6 0.82265625 0.37109375 0.3546875 0.1328125
6 0.66015625 0.2609375 0.0625 0.03203125
6 0.58984375 0.1859375 0.19765625 0.046875
6 0.45703125 0.16796875 0.0796875 0.02890625
8 0.21796875 0.3546875 0.05703125 0.0234375
8 0.1484375 0.40703125 0.05 0.01953125
8 0.25390625 0.77265625 0.02578125 0.02109375
8 0.65859375 0.85546875 0.04765625 0.03984375
8 0.365625 0.72734375 0.0203125 0.01796875
8 0.9578125 0.62734375 0.046875 0.02890625
6 0.21171875 0.83828125 0.0609375 0.04140625
6 0.25703125 0.80546875 0.04453125 0.021875
6 0.21015625 0.12734375 0.32421875 0.06015625
6 0.1328125 0.10078125 0.06328125 0.0234375
6 0.1359375 0.06328125 0.06328125 0.0140625
6 0.13203125 0.203125 0.05546875 0.05234375