8 0.58984375 0.7359375 0.1109375 0.08828125
6 0.7578125 0.8375 0.021875 0.01171875
6 0.9671875 0.7609375 0.02109375 0.015625
6 0.5171875 0.90625 0.01796875 0.01328125
6 0.11015625 0.81953125 0.02265625 0.0171875
6 0.0625 0.3078125 0.03046875 0.01796875
6 0.5046875 0.26015625 0.01875 0.0171875
6 0.80859375 0.3671875 0.021875 0.02890625
6 0.68984375 0.1875 0.0421875 0.04375
6 0.5421875 0.0921875 0.015625 0.0140625
6 0.15078125 0.0640625 0.02734375 0.02578125
6 0.29921875 0.02265625 0.025 0.0171875
6 0.41796875 0.653125 0.0203125 0.03515625