6 0.5078125 0.49375 0.5984375 0.35546875
8 0.1296875 0.6203125 0.040625 0.021875
6 0.79921875 0.8765625 0.40078125 0.24609375
6 0.82421875 0.740625 0.04296875 0.03125
8 0.884375 0.78828125 0.0203125 0.01328125
8 0.809375 0.70703125 0.01328125 0.00859375
6 0.71484375 0.6875 0.03671875 0.01171875
6 0.14765625 0.94765625 0.01171875 0.00703125
8 0.04375 0.784375 0.0046875 0.00546875
8 0.05859375 0.77734375 0.0046875 0.00234375
8 0.4171875 0.42734375 0.03515625 0.021875
8 0.58515625 0.60390625 0.02265625 0.01171875
8 0.31875 0.55625 0.02890625 0.009375
6 0.31015625 0.56484375 0.021875 0.00859375
7 0.51953125 0.56953125 0.02265625 0.0140625
8 0.3984375 0.340625 0.01015625 0.00546875
8 0.903125 0.2234375 0.01953125 0.0078125
8 0.334375 0.15 0.00859375 0.0046875
6 0.34921875 0.1484375 0.02109375 0.003125
6 0.34765625 0.171875 0.08671875 0.021875
9 0.36015625 0.1671875 0.05625 0.01171875
8 0.41796875 0.00625 0.01171875 0.00546875
6 0.41171875 0.009375 0.06953125 0.00546875