8 0.54765625 0.77578125 0.06875 0.03984375
6 0.7484375 0.7640625 0.04296875 0.03203125
6 0.69140625 0.71875 0.0296875 0.0125
6 0.940625 0.74140625 0.04140625 0.01953125
6 0.93515625 0.71484375 0.0453125 0.02734375
6 0.05390625 0.67890625 0.07890625 0.03828125
6 0.04765625 0.8515625 0.05546875 0.04296875
6 0.1703125 0.634375 0.0296875 0.0390625
6 0.23203125 0.71953125 0.03671875 0.03359375
6 0.2671875 0.575 0.04140625 0.03359375
8 0.60078125 0.18046875 0.05859375 0.03671875
6 0.925 0.059375 0.034375 0.0203125