8 0.46015625 0.840625 0.09921875 0.0546875
6 0.53125 0.90703125 0.0578125 0.04921875
6 0.28671875 0.98671875 0.0234375 0.01015625
6 0.75234375 0.98046875 0.02578125 0.015625
6 0.50234375 0.96015625 0.01640625 0.0109375
6 0.4234375 0.98671875 0.02265625 0.0125
6 0.37890625 0.8953125 0.0171875 0.009375
6 0.9546875 0.734375 0.01484375 0.01328125
6 0.9265625 0.6859375 0.01953125 0.01015625
6 0.8265625 0.66484375 0.01875 0.01328125
6 0.43203125 0.65 0.0296875 0.0140625
8 0.3703125 0.6578125 0.053125 0.02734375
6 0.290625 0.66015625 0.01484375 0.0125
6 0.22734375 0.69921875 0.01484375 0.0125
6 0.49375 0.74453125 0.02734375 0.0234375
8 0.07734375 0.7390625 0.01640625 0.0140625
6 0.071875 0.590625 0.07734375 0.03203125
6 0.01640625 0.45703125 0.03125 0.0265625
6 0.38984375 0.365625 0.08203125 0.028125
6 0.2 0.32578125 0.02109375 0.0140625
8 0.3734375 0.22734375 0.0421875 0.02890625
8 0.35546875 0.15703125 0.03828125 0.01953125
2 0.64140625 0.1015625 0.09609375 0.03203125
6 0.59453125 0.84375 0.01953125 0.01328125
6 0.59609375 0.93125 0.02578125 0.01796875
8 0.46640625 0.51015625 0.01875 0.01171875