6 0.46015625 0.5578125 0.04375 0.13046875
6 0.57890625 0.53828125 0.21875 0.24140625
6 0.74375 0.6421875 0.0171875 0.02421875
8 0.97890625 0.51015625 0.0390625 0.04140625
6 0.82109375 0.36484375 0.0234375 0.02421875
6 0.584375 0.36015625 0.02265625 0.0078125
6 0.525 0.3984375 0.0703125 0.0515625
8 0.51328125 0.3953125 0.0203125 0.0140625
8 0.51875 0.403125 0.021875 0.015625
6 0.75078125 0.18125 0.01953125 0.0140625
6 0.64765625 0.15546875 0.015625 0.0109375
6 0.63671875 0.2453125 0.01484375 0.01171875
7 0.79140625 0.81015625 0.1 0.05859375
6 0.803125 0.97578125 0.025 0.01640625
6 0.75390625 0.2765625 0.03046875 0.0140625
6 0.509375 0.2625 0.0109375 0.0109375
6 0.553125 0.265625 0.015625 0.0109375
6 0.96796875 0.79765625 0.0171875 0.01953125