3 0.7515625 0.5203125 0.0625 0.03046875
6 0.73203125 0.5265625 0.1390625 0.04921875
6 0.64453125 0.6203125 0.03203125 0.0375
6 0.66171875 0.6171875 0.0171875 0.00859375
6 0.65234375 0.62890625 0.01171875 0.00703125
6 0.64453125 0.66796875 0.015625 0.01015625
6 0.4796875 0.59140625 0.01875 0.0109375
6 0.4140625 0.52265625 0.01875 0.01484375
8 0.54765625 0.478125 0.021875 0.01328125
7 0.29765625 0.50234375 0.05703125 0.0296875
6 0.28203125 0.45703125 0.01640625 0.0140625
6 0.40625 0.4828125 0.01484375 0.00859375
6 0.4421875 0.46953125 0.015625 0.0125
6 0.39765625 0.43359375 0.01328125 0.0078125
6 0.16484375 0.4203125 0.0125 0.009375
6 0.15546875 0.35 0.02265625 0.0109375
6 0.34609375 0.421875 0.01171875 0.009375
6 0.096875 0.4109375 0.02421875 0.0109375
6 0.30078125 0.13046875 0.21875 0.0828125
6 0.52734375 0.14140625 0.01953125 0.01328125
6 0.403125 0.2390625 0.0265625 0.01640625
6 0.4203125 0.2609375 0.01328125 0.00625
6 0.47734375 0.259375 0.01640625 0.00859375
6 0.696875 0.16796875 0.01796875 0.01328125
6 0.87578125 0.1890625 0.0171875 0.00859375
6 0.603125 0.24296875 0.0125 0.0109375
6 0.32421875 0.3078125 0.021875 0.0125
6 0.14375 0.2578125 0.01171875 0.009375
6 0.65859375 0.90546875 0.0140625 0.009375
6 0.6765625 0.93125 0.01171875 0.00859375
6 0.765625 0.83984375 0.0171875 0.00859375
6 0.82578125 0.73515625 0.01328125 0.009375
6 0.159375 0.059375 0.0109375 0.0078125
6 0.33671875 0.990625 0.02109375 0.01484375