6 0.4796875 0.278125 0.2640625 0.1125
8 0.50625 0.28828125 0.034375 0.02421875
6 0.27734375 0.2484375 0.11015625 0.0421875
6 0.84296875 0.45859375 0.096875 0.05703125
8 0.909375 0.47109375 0.0296875 0.025
6 0.84296875 0.5625 0.2453125 0.05703125
8 0.77890625 0.6859375 0.05078125 0.01640625
6 0.76171875 0.75859375 0.05703125 0.0265625
6 0.81484375 0.7796875 0.065625 0.034375
6 0.671875 0.71328125 0.03125 0.0171875
6 0.7453125 0.6109375 0.10859375 0.02421875
6 0.30234375 0.6828125 0.19765625 0.0578125
6 0.446875 0.6140625 0.03359375 0.021875
6 0.2828125 0.7625 0.0859375 0.03671875
6 0.24375 0.78984375 0.0390625 0.0140625
6 0.221875 0.81796875 0.02578125 0.015625
6 0.1234375 0.7640625 0.0375 0.02421875
6 0.28359375 0.853125 0.02578125 0.01640625
6 0.2953125 0.88359375 0.03359375 0.01796875
6 0.5765625 0.97578125 0.25625 0.0484375
6 0.5046875 0.9390625 0.03125 0.01953125
8 0.603125 0.92734375 0.01640625 0.01015625
6 0.584375 0.9078125 0.02421875 0.0171875
6 0.6890625 0.7953125 0.0265625 0.03203125
6 0.49765625 0.81328125 0.02890625 0.02265625
6 0.3796875 0.753125 0.04921875 0.0203125