6 0.5 0.43359375 1 0.865625
8 0.940625 0.66953125 0.07109375 0.034375
3 0.90859375 0.70078125 0.0546875 0.0203125
8 0.65390625 0.9484375 0.0265625 0.0078125
6 0.7453125 0.98125 0.07265625 0.03125
6 0.578125 0.94765625 0.02109375 0.0203125
6 0.16015625 0.94375 0.06875 0.01953125
6 0.18046875 0.95546875 0.0140625 0.00625
6 0.1640625 0.896875 0.01171875 0.00625
6 0.02109375 0.8515625 0.01171875 0.00390625
8 0.321875 0.75859375 0.01875 0.0140625
7 0.45078125 0.2953125 0.07578125 0.03984375
8 0.2578125 0.28203125 0.02421875 0.0125
8 0.3359375 0.3 0.08515625 0.0296875
8 0.35390625 0.26484375 0.02890625 0.0234375
8 0.35234375 0.21796875 0.0375 0.04140625
3 0.62109375 0.253125 0.025 0.01796875
8 0.61796875 0.2671875 0.028125 0.01328125
8 0.8984375 0.25 0.01875 0.02265625
3 0.82890625 0.2234375 0.08671875 0.0453125
8 0.73671875 0.178125 0.03046875 0.015625
8 0.69296875 0.0484375 0.02734375 0.01171875
9 0.7375 0.10390625 0.01953125 0.01640625
8 0.64140625 0.1078125 0.0328125 0.00703125
8 0.71171875 0.09375 0.0265625 0.01171875
8 0.71171875 0.10078125 0.0140625 0.0046875
8 0.72109375 0.0640625 0.0125 0.0078125
3 0.60546875 0.05625 0.04296875 0.0125
8 0.16875 0.12421875 0.0578125 0.03359375
8 0.1265625 0.23984375 0.03125 0.01328125
8 0.14375 0.20703125 0.015625 0.009375
8 0.0515625 0.1953125 0.0328125 0.02109375
8 0.25625 0.15859375 0.0375 0.0125
8 0.01328125 0.16328125 0.0265625 0.01484375
8 0.2390625 0.03671875 0.05390625 0.0109375
8 0.196875 0.04609375 0.03125 0.01015625
8 0.0578125 0.3453125 0.09296875 0.0546875
8 0.078125 0.0484375 0.028125 0.01015625
8 0.0921875 0.01015625 0.03359375 0.0171875
8 0.12109375 0.0125 0.0140625 0.00859375
8 0.1328125 0.00859375 0.01953125 0.0078125
8 0.8125 0.534375 0.03359375 0.015625
8 0.73515625 0.5359375 0.03046875 0.015625
8 0.64921875 0.5359375 0.02578125 0.01015625
8 0.671875 0.51484375 0.02109375 0.009375
8 0.41328125 0.1921875 0.0171875 0.015625
8 0.39375 0.2046875 0.02265625 0.01015625
8 0.1546875 0.65 0.0421875 0.0171875