8 0.9140625 0.10703125 0.01640625 0.01640625
6 0.884375 0.07265625 0.23125 0.1453125
6 0.94453125 0.1640625 0.1109375 0.02578125
8 0.96328125 0.15703125 0.01328125 0.01015625
8 0.79765625 0.11640625 0.00859375 0.00703125
6 0.52421875 0.11328125 0.071875 0.05234375
8 0.571875 0.396875 0.03515625 0.02890625
8 0.3953125 0.50703125 0.053125 0.0171875
3 0.90859375 0.31015625 0.0328125 0.01953125
8 0.82109375 0.3234375 0.04140625 0.02109375
8 0.7921875 0.32421875 0.02421875 0.0140625
8 0.8203125 0.3453125 0.02890625 0.0140625
8 0.965625 0.34609375 0.0296875 0.01328125
8 0.734375 0.403125 0.01953125 0.01328125
8 0.8 0.3890625 0.05078125 0.02265625
9 0.471875 0.74375 0.04296875 0.0390625
3 0.45703125 0.61953125 0.0234375 0.03359375
6 0.45859375 0.63046875 0.05 0.18125
6 0.703125 0.6265625 0.59375 0.74609375