8 0.82734375 0.64765625 0.11640625 0.090625
8 0.94765625 0.6734375 0.10234375 0.03046875
8 0.5078125 0.696875 0.08125 0.03984375
8 0.4671875 0.6265625 0.0796875 0.05234375
8 0.51171875 0.565625 0.0921875 0.034375
8 0.4390625 0.5859375 0.121875 0.03671875
9 0.10390625 0.6140625 0.08046875 0.046875
8 0.30859375 0.72890625 0.0984375 0.0234375
8 0.28671875 0.584375 0.06328125 0.03515625
8 0.29921875 0.53203125 0.05234375 0.0265625
8 0.38671875 0.528125 0.05859375 0.0234375
8 0.353125 0.553125 0.0484375 0.02734375
8 0.1375 0.546875 0.01640625 0.0375
6 0.86796875 0.48515625 0.2640625 0.2984375
8 0.80078125 0.36015625 0.15625 0.03984375
8 0.78203125 0.33046875 0.05703125 0.02109375
8 0.7578125 0.3109375 0.11953125 0.03125
9 0.68125 0.29296875 0.07421875 0.0671875
8 0.6578125 0.35234375 0.04921875 0.04140625
8 0.609375 0.278125 0.0828125 0.04921875
6 0.88671875 0.2328125 0.2265625 0.1984375
8 0.4734375 0.42421875 0.0625 0.03359375
7 0.196875 0.56953125 0.06875 0.02578125
8 0.38046875 0.45859375 0.0234375 0.0140625
8 0.29453125 0.3875 0.08359375 0.034375
9 0.36171875 0.4140625 0.06953125 0.0375
8 0.190625 0.521875 0.0265625 0.0140625
9 0.20546875 0.25546875 0.078125 0.0734375
9 0.94921875 0.06328125 0.06953125 0.015625
8 0.14453125 0.8171875 0.0390625 0.028125