6 0.5 0.5171875 1 0.7375
6 0.6796875 0.94375 0.640625 0.1125
6 0.82421875 0.134375 0.09921875 0.05703125
6 0.89140625 0.1921875 0.04296875 0.053125
6 0.7546875 0.08671875 0.0421875 0.0125
6 0.79296875 0.0796875 0.03515625 0.02265625
6 0.85234375 0.025 0.01953125 0.015625
6 0.74140625 0.0203125 0.02890625 0.0203125
6 0.70703125 0.02421875 0.025 0.0078125
6 0.29296875 0.05859375 0.01953125 0.0140625
8 0.484375 0.39140625 0.0421875 0.034375
8 0.33515625 0.225 0.02734375 0.01484375
8 0.72578125 0.9078125 0.06328125 0.01953125
8 0.86640625 0.89609375 0.034375 0.0171875
8 0.88359375 0.89375 0.0265625 0.0203125
8 0.88125 0.84375 0.02109375 0.03203125
6 0.71484375 0.1625 0.06875 0.025